#ies_format_version: 1.0
#file: 20241224_5000_2000.dat
#file_info: generated by AsciiLoger of OpenMUC
#timezone: + 1
#timestep_sec: 5.0
#col_no;	col_name;	confidential;	measured;	unit;	category;	comment
#001;	YYYYMMDD;	FALSE;	FALSE;	0;	time;	INTEGER,8. Date [human readable]
#002;	hhmmss;	FALSE;	FALSE;	0;	time;	SHORT,6. Time [human readable]
#003;	unixtimestamp;	FALSE;	FALSE;	s;	time;	DOUBLE,14. lapsed seconds from 01-01-1970
#004;	power_self_consumption;	FALSE;	TRUE;	kW;	other;	DOUBLE,9. test
YYYYMMDD;	hhmmss;	unixtimestamp;	power_self_consumption
20241224;	113957;	1735036797.000;	   +0.096
20241224;	114002;	1735036802.000;	   +0.102
20241224;	114007;	1735036807.000;	   +0.000
20241224;	114012;	1735036812.000;	   +0.121
20241224;	114017;	1735036817.000;	   +0.010
20241224;	114022;	1735036822.000;	   +0.072
20241224;	114027;	1735036827.000;	   +0.076
20241224;	114032;	1735036832.000;	   +0.080
20241224;	114037;	1735036837.000;	   +0.075
20241224;	114042;	1735036842.000;	   +0.075
20241224;	114047;	1735036847.000;	   +0.077
20241224;	114052;	1735036852.000;	   +0.078
20241224;	114057;	1735036857.000;	   +0.086
20241224;	114102;	1735036862.000;	   +0.074
20241224;	114107;	1735036867.000;	   +0.072
20241224;	114112;	1735036872.000;	   +0.078
20241224;	114117;	1735036877.000;	   +0.080
20241224;	114122;	1735036882.000;	   +0.103
20241224;	114127;	1735036887.000;	   +0.302
20241224;	114132;	1735036892.000;	   +0.038
20241224;	114137;	1735036897.000;	   +0.072
20241224;	114142;	1735036902.000;	   +0.083
20241224;	114147;	1735036907.000;	   +0.068
20241224;	114152;	1735036912.000;	   +0.079
20241224;	114157;	1735036917.000;	   +0.075
20241224;	114202;	1735036922.000;	   +0.070
20241224;	114207;	1735036927.000;	   +0.074
20241224;	114212;	1735036932.000;	   +0.076
20241224;	114217;	1735036937.000;	   +0.080
20241224;	114222;	1735036942.000;	   +0.079
20241224;	114227;	1735036947.000;	   +0.076
20241224;	114232;	1735036952.000;	   +0.078
20241224;	114237;	1735036957.000;	   +0.080
20241224;	114242;	1735036962.000;	   +0.077
20241224;	114247;	1735036967.000;	   +0.074
20241224;	114252;	1735036972.000;	   +0.086
20241224;	114257;	1735036977.000;	   +0.106
20241224;	114302;	1735036982.000;	   +0.001
20241224;	114307;	1735036987.000;	   +0.077
20241224;	114312;	1735036992.000;	   +0.088
20241224;	114317;	1735036997.000;	   +0.114
20241224;	114322;	1735037002.000;	   +0.081
20241224;	114327;	1735037007.000;	   +0.064
20241224;	114332;	1735037012.000;	   +0.036
20241224;	114337;	1735037017.000;	   +0.071
20241224;	114342;	1735037022.000;	   +0.089
20241224;	114347;	1735037027.000;	   +0.090
20241224;	114352;	1735037032.000;	   +0.056
20241224;	114357;	1735037037.000;	   +0.054
20241224;	114402;	1735037042.000;	   +0.074
20241224;	114407;	1735037047.000;	   +0.081
20241224;	114412;	1735037052.000;	   +0.110
20241224;	114417;	1735037057.000;	   +0.168
20241224;	114422;	1735037062.000;	   +0.042
20241224;	114427;	1735037067.000;	   +0.136
20241224;	114432;	1735037072.000;	   +1.372
20241224;	114437;	1735037077.000;	   +0.000
20241224;	114442;	1735037082.000;	   +0.000
20241224;	114447;	1735037087.000;	   +0.071
20241224;	114452;	1735037092.000;	   +0.068
20241224;	114457;	1735037097.000;	   +0.099
20241224;	114502;	1735037102.000;	   +0.079
20241224;	114507;	1735037107.000;	   +0.082
20241224;	114512;	1735037112.000;	   +0.075
20241224;	114517;	1735037117.000;	   +0.081
20241224;	114522;	1735037122.000;	   +0.080
20241224;	114527;	1735037127.000;	   +0.082
20241224;	114532;	1735037132.000;	   +0.100
20241224;	114537;	1735037137.000;	   +0.072
20241224;	114542;	1735037142.000;	   +0.075
20241224;	114547;	1735037147.000;	   +0.103
20241224;	114552;	1735037152.000;	   +0.090
20241224;	114557;	1735037157.000;	   +0.512
20241224;	114602;	1735037162.000;	   +0.000
20241224;	114607;	1735037167.000;	   +0.000
20241224;	114612;	1735037172.000;	   +0.064
20241224;	114617;	1735037177.000;	   +0.054
20241224;	114622;	1735037182.000;	   +0.049
20241224;	114627;	1735037187.000;	   +0.071
20241224;	114632;	1735037192.000;	   +0.083
20241224;	114637;	1735037197.000;	   +0.076
20241224;	114642;	1735037202.000;	   +0.133
20241224;	114647;	1735037207.000;	   +0.259
20241224;	114652;	1735037212.000;	   +0.013
20241224;	114657;	1735037217.000;	   +0.043
20241224;	114702;	1735037222.000;	   +0.211
20241224;	114707;	1735037227.000;	   +0.214
20241224;	114712;	1735037232.000;	   +0.000
20241224;	114717;	1735037237.000;	   +0.070
20241224;	114722;	1735037242.000;	   +0.097
20241224;	114727;	1735037247.000;	   +0.069
20241224;	114732;	1735037252.000;	   +0.037
20241224;	114737;	1735037257.000;	   +0.075
20241224;	114742;	1735037262.000;	   +0.101
20241224;	114747;	1735037267.000;	   +0.098
20241224;	114752;	1735037272.000;	   +0.170
20241224;	114757;	1735037277.000;	   +0.390
20241224;	114802;	1735037282.000;	   +0.000
20241224;	114807;	1735037287.000;	   +0.000
20241224;	114812;	1735037292.000;	   +0.448
20241224;	114817;	1735037297.000;	   +0.010
20241224;	114822;	1735037302.000;	   +0.076
20241224;	114827;	1735037307.000;	   +0.000
20241224;	114832;	1735037312.000;	   +0.079
20241224;	114837;	1735037317.000;	   +0.169
20241224;	114842;	1735037322.000;	   +0.698
20241224;	114847;	1735037327.000;	   +0.000
20241224;	114852;	1735037332.000;	   +0.000
20241224;	114857;	1735037337.000;	   +0.352
20241224;	114902;	1735037342.000;	   +0.241
20241224;	114907;	1735037347.000;	   +0.000
20241224;	114912;	1735037352.000;	   +0.388
20241224;	114917;	1735037357.000;	   +0.710
20241224;	114922;	1735037362.000;	   +2.122
20241224;	114927;	1735037367.000;	   +0.147
20241224;	114932;	1735037372.000;	   +0.000
20241224;	114937;	1735037377.000;	   +0.150
20241224;	114942;	1735037382.000;	   +0.274
20241224;	114947;	1735037387.000;	   +0.173
20241224;	114952;	1735037392.000;	   +0.242
20241224;	114957;	1735037397.000;	   +0.000
20241224;	115002;	1735037402.000;	   +0.215
20241224;	115007;	1735037407.000;	   +0.078
20241224;	115012;	1735037412.000;	   +0.219
20241224;	115017;	1735037417.000;	   +1.842
20241224;	115022;	1735037422.000;	   +0.089
20241224;	115027;	1735037427.000;	   +0.182
20241224;	115032;	1735037432.000;	   +0.758
20241224;	115037;	1735037437.000;	   +0.420
20241224;	115042;	1735037442.000;	   +0.162
20241224;	115047;	1735037447.000;	   +0.193
20241224;	115052;	1735037452.000;	   +0.000
20241224;	115057;	1735037457.000;	    err32
20241224;	115102;	1735037462.000;	    err32
20241224;	115107;	1735037467.000;	     err7
20241224;	115112;	1735037472.000;	   +0.203
20241224;	115117;	1735037477.000;	   +0.083
20241224;	115122;	1735037482.000;	   +0.241
20241224;	115127;	1735037487.000;	   +0.000
20241224;	115132;	1735037492.000;	   +0.717
20241224;	115137;	1735037497.000;	   +0.000
20241224;	115142;	1735037502.000;	   +0.386
20241224;	115147;	1735037507.000;	   +0.214
20241224;	115152;	1735037512.000;	   +0.186
20241224;	115157;	1735037517.000;	   +0.215
20241224;	115202;	1735037522.000;	   +0.904
20241224;	115207;	1735037527.000;	   +0.972
20241224;	115212;	1735037532.000;	   +0.930
20241224;	115217;	1735037537.000;	   +0.290
20241224;	115222;	1735037542.000;	   +0.704
20241224;	115227;	1735037547.000;	   +0.203
20241224;	115232;	1735037552.000;	   +0.517
20241224;	115237;	1735037557.000;	    err32
20241224;	115242;	1735037562.000;	    err32
20241224;	115247;	1735037567.000;	    err32
20241224;	115252;	1735037572.000;	    err32
20241224;	115257;	1735037577.000;	     err7
20241224;	115302;	1735037582.000;	   +0.237
20241224;	115307;	1735037587.000;	   +0.256
20241224;	115312;	1735037592.000;	   +0.213
20241224;	115317;	1735037597.000;	   +0.216
20241224;	115322;	1735037602.000;	   +0.239
20241224;	115327;	1735037607.000;	   +0.214
20241224;	115332;	1735037612.000;	   +0.205
20241224;	115337;	1735037617.000;	   +0.202
20241224;	115342;	1735037622.000;	   +0.212
20241224;	115347;	1735037627.000;	   +0.205
20241224;	115352;	1735037632.000;	   +0.230
20241224;	115357;	1735037637.000;	   +0.228
20241224;	115402;	1735037642.000;	   +0.874
20241224;	115407;	1735037647.000;	   +0.215
20241224;	115412;	1735037652.000;	   +0.708
20241224;	115417;	1735037657.000;	   +0.222
20241224;	115422;	1735037662.000;	   +0.216
20241224;	115427;	1735037667.000;	   +0.651
20241224;	115432;	1735037672.000;	   +0.220
20241224;	115437;	1735037677.000;	   +0.642
20241224;	115442;	1735037682.000;	   +0.675
20241224;	115447;	1735037687.000;	   +0.000
20241224;	115452;	1735037692.000;	   +0.927
20241224;	115457;	1735037697.000;	   +0.277
20241224;	115502;	1735037702.000;	   +0.547
20241224;	115507;	1735037707.000;	   +0.258
20241224;	115512;	1735037712.000;	   +0.619
20241224;	115517;	1735037717.000;	   +0.225
20241224;	115522;	1735037722.000;	   +0.211
20241224;	115527;	1735037727.000;	   +0.211
20241224;	115532;	1735037732.000;	   +0.208
20241224;	115537;	1735037737.000;	   +0.217
20241224;	115542;	1735037742.000;	   +0.237
20241224;	115547;	1735037747.000;	   +0.138
20241224;	115552;	1735037752.000;	   +0.000
20241224;	115557;	1735037757.000;	   +0.000
20241224;	115602;	1735037762.000;	   +0.171
20241224;	115607;	1735037767.000;	   +0.071
20241224;	115612;	1735037772.000;	   +0.650
20241224;	115617;	1735037777.000;	    err32
20241224;	115622;	1735037782.000;	    err32
20241224;	115627;	1735037787.000;	    err32
20241224;	115632;	1735037792.000;	    err32
20241224;	115637;	1735037797.000;	    err32
20241224;	115642;	1735037802.000;	    err32
20241224;	115647;	1735037807.000;	    err32
20241224;	115652;	1735037812.000;	    err32
20241224;	115657;	1735037817.000;	    err32
20241224;	115702;	1735037822.000;	    err32
20241224;	115707;	1735037827.000;	    err32
20241224;	115712;	1735037832.000;	    err32
20241224;	115717;	1735037837.000;	    err32
20241224;	115722;	1735037842.000;	    err32
20241224;	115727;	1735037847.000;	    err32
20241224;	115732;	1735037852.000;	    err32
20241224;	115737;	1735037857.000;	    err32
20241224;	115742;	1735037862.000;	    err32
20241224;	115747;	1735037867.000;	    err32
20241224;	115752;	1735037872.000;	    err32
20241224;	115757;	1735037877.000;	    err32
20241224;	115802;	1735037882.000;	    err32
20241224;	115807;	1735037887.000;	    err32
20241224;	115812;	1735037892.000;	    err32
20241224;	115817;	1735037897.000;	    err32
20241224;	115822;	1735037902.000;	    err32
20241224;	115827;	1735037907.000;	    err32
20241224;	115832;	1735037912.000;	    err32
20241224;	115837;	1735037917.000;	    err32
20241224;	115842;	1735037922.000;	    err32
20241224;	115847;	1735037927.000;	    err32
20241224;	115852;	1735037932.000;	    err32
20241224;	115857;	1735037937.000;	    err32
20241224;	115902;	1735037942.000;	    err32
20241224;	115907;	1735037947.000;	    err32
20241224;	115912;	1735037952.000;	    err32
20241224;	115917;	1735037957.000;	    err32
20241224;	115922;	1735037962.000;	    err32
20241224;	115927;	1735037967.000;	    err32
20241224;	115932;	1735037972.000;	    err32
20241224;	115937;	1735037977.000;	    err32
20241224;	115942;	1735037982.000;	    err32
20241224;	115947;	1735037987.000;	    err32
20241224;	115952;	1735037992.000;	    err32
20241224;	115957;	1735037997.000;	    err32
20241224;	120002;	1735038002.000;	    err32
20241224;	120007;	1735038007.000;	    err32
20241224;	120012;	1735038012.000;	    err32
20241224;	120017;	1735038017.000;	    err32
20241224;	120022;	1735038022.000;	    err32
20241224;	120027;	1735038027.000;	    err32
20241224;	120032;	1735038032.000;	    err32
20241224;	120037;	1735038037.000;	    err32
20241224;	120042;	1735038042.000;	    err32
20241224;	120047;	1735038047.000;	    err32
20241224;	120052;	1735038052.000;	    err32
20241224;	120057;	1735038057.000;	    err32
20241224;	120102;	1735038062.000;	    err32
20241224;	120107;	1735038067.000;	    err32
20241224;	120112;	1735038072.000;	    err32
20241224;	120117;	1735038077.000;	    err32
20241224;	120122;	1735038082.000;	    err32
20241224;	120127;	1735038087.000;	    err32
20241224;	120132;	1735038092.000;	    err32
20241224;	120137;	1735038097.000;	    err32
20241224;	120142;	1735038102.000;	    err32
20241224;	120147;	1735038107.000;	    err32
20241224;	120152;	1735038112.000;	    err32
20241224;	120157;	1735038117.000;	    err32
20241224;	120202;	1735038122.000;	    err32
20241224;	120207;	1735038127.000;	    err32
20241224;	120212;	1735038132.000;	    err32
20241224;	120217;	1735038137.000;	    err32
20241224;	120222;	1735038142.000;	    err32
20241224;	120227;	1735038147.000;	    err32
20241224;	120232;	1735038152.000;	    err32
20241224;	120237;	1735038157.000;	    err32
20241224;	120242;	1735038162.000;	    err32
20241224;	120247;	1735038167.000;	    err32
20241224;	120252;	1735038172.000;	    err32
20241224;	120257;	1735038177.000;	    err32
20241224;	120302;	1735038182.000;	    err32
20241224;	120307;	1735038187.000;	    err32
20241224;	120312;	1735038192.000;	    err32
20241224;	120317;	1735038197.000;	    err32
20241224;	120322;	1735038202.000;	    err32
20241224;	120327;	1735038207.000;	    err32
20241224;	120332;	1735038212.000;	    err32
20241224;	120337;	1735038217.000;	    err32
20241224;	120342;	1735038222.000;	    err32
20241224;	120347;	1735038227.000;	    err32
20241224;	120352;	1735038232.000;	    err32
20241224;	120357;	1735038237.000;	    err32
20241224;	120402;	1735038242.000;	    err32
20241224;	120407;	1735038247.000;	    err32
20241224;	120412;	1735038252.000;	    err32
20241224;	120417;	1735038257.000;	    err32
20241224;	120422;	1735038262.000;	    err32
20241224;	120427;	1735038267.000;	    err32
20241224;	120432;	1735038272.000;	    err32
20241224;	120437;	1735038277.000;	    err32
20241224;	120442;	1735038282.000;	    err32
20241224;	120447;	1735038287.000;	    err32
20241224;	120452;	1735038292.000;	    err32
20241224;	120457;	1735038297.000;	    err32
20241224;	120502;	1735038302.000;	    err32
20241224;	120507;	1735038307.000;	    err32
20241224;	120512;	1735038312.000;	    err32
20241224;	120517;	1735038317.000;	    err32
20241224;	120522;	1735038322.000;	    err32
20241224;	120527;	1735038327.000;	    err32
20241224;	120532;	1735038332.000;	    err32
20241224;	120537;	1735038337.000;	    err32
20241224;	120542;	1735038342.000;	    err32
20241224;	120547;	1735038347.000;	    err32
20241224;	120552;	1735038352.000;	    err32
20241224;	120557;	1735038357.000;	    err32
20241224;	120602;	1735038362.000;	    err32
20241224;	120607;	1735038367.000;	    err32
20241224;	120612;	1735038372.000;	    err32
20241224;	120617;	1735038377.000;	    err32
20241224;	120622;	1735038382.000;	    err32
20241224;	120627;	1735038387.000;	    err32
20241224;	120632;	1735038392.000;	    err32
20241224;	120637;	1735038397.000;	    err32
20241224;	120642;	1735038402.000;	    err32
20241224;	120647;	1735038407.000;	    err32
20241224;	120652;	1735038412.000;	    err32
20241224;	120657;	1735038417.000;	    err32
20241224;	120702;	1735038422.000;	    err32
20241224;	120707;	1735038427.000;	    err32
20241224;	120712;	1735038432.000;	    err32
20241224;	120717;	1735038437.000;	    err32
20241224;	120722;	1735038442.000;	    err32
20241224;	120727;	1735038447.000;	    err32
20241224;	120732;	1735038452.000;	    err32
20241224;	120737;	1735038457.000;	    err32
20241224;	120742;	1735038462.000;	    err32
20241224;	120747;	1735038467.000;	    err32
20241224;	120752;	1735038472.000;	    err32
20241224;	120757;	1735038477.000;	    err32
20241224;	120802;	1735038482.000;	    err32
20241224;	120807;	1735038487.000;	    err32
20241224;	120812;	1735038492.000;	    err32
20241224;	120817;	1735038497.000;	    err32
20241224;	120822;	1735038502.000;	    err32
20241224;	120827;	1735038507.000;	    err32
20241224;	120832;	1735038512.000;	    err32
20241224;	120837;	1735038517.000;	    err32
20241224;	120842;	1735038522.000;	    err32
20241224;	120847;	1735038527.000;	    err32
20241224;	120852;	1735038532.000;	    err32
20241224;	120857;	1735038537.000;	    err32
20241224;	120902;	1735038542.000;	    err32
20241224;	120907;	1735038547.000;	    err32
20241224;	120912;	1735038552.000;	    err32
20241224;	120917;	1735038557.000;	    err32
20241224;	120922;	1735038562.000;	    err32
20241224;	120927;	1735038567.000;	    err32
20241224;	120932;	1735038572.000;	    err32
20241224;	120937;	1735038577.000;	    err32
20241224;	120942;	1735038582.000;	    err32
20241224;	120947;	1735038587.000;	    err32
20241224;	120952;	1735038592.000;	    err32
20241224;	120957;	1735038597.000;	    err32
20241224;	121002;	1735038602.000;	    err32
20241224;	121007;	1735038607.000;	    err32
20241224;	121012;	1735038612.000;	    err32
20241224;	121017;	1735038617.000;	    err32
20241224;	121022;	1735038622.000;	    err32
20241224;	121027;	1735038627.000;	    err32
20241224;	121032;	1735038632.000;	    err32
20241224;	121037;	1735038637.000;	    err32
20241224;	121042;	1735038642.000;	    err32
20241224;	121047;	1735038647.000;	    err32
20241224;	121052;	1735038652.000;	    err32
20241224;	121057;	1735038657.000;	    err32
20241224;	121102;	1735038662.000;	    err32
20241224;	121107;	1735038667.000;	    err32
20241224;	121112;	1735038672.000;	    err32
20241224;	121117;	1735038677.000;	    err32
20241224;	121122;	1735038682.000;	    err32
20241224;	121127;	1735038687.000;	    err32
20241224;	121132;	1735038692.000;	    err32
20241224;	121137;	1735038697.000;	    err32
20241224;	121142;	1735038702.000;	    err32
20241224;	121147;	1735038707.000;	    err32
20241224;	121152;	1735038712.000;	    err32
20241224;	121157;	1735038717.000;	    err32
20241224;	121202;	1735038722.000;	    err32
20241224;	121207;	1735038727.000;	    err32
20241224;	121212;	1735038732.000;	    err32
20241224;	121217;	1735038737.000;	    err32
20241224;	121222;	1735038742.000;	    err32
20241224;	121227;	1735038747.000;	    err32
20241224;	121232;	1735038752.000;	    err32
20241224;	121237;	1735038757.000;	    err32
20241224;	121242;	1735038762.000;	    err32
20241224;	121247;	1735038767.000;	    err32
20241224;	121252;	1735038772.000;	    err32
20241224;	121257;	1735038777.000;	    err32
20241224;	121302;	1735038782.000;	    err32
20241224;	121307;	1735038787.000;	    err32
20241224;	121312;	1735038792.000;	    err32
20241224;	121317;	1735038797.000;	    err32
20241224;	121322;	1735038802.000;	    err32
20241224;	121327;	1735038807.000;	    err32
20241224;	121332;	1735038812.000;	    err32
20241224;	121337;	1735038817.000;	    err32
20241224;	121342;	1735038822.000;	    err32
20241224;	121347;	1735038827.000;	    err32
20241224;	121352;	1735038832.000;	    err32
20241224;	121357;	1735038837.000;	    err32
20241224;	121402;	1735038842.000;	    err32
20241224;	121407;	1735038847.000;	    err32
20241224;	121412;	1735038852.000;	    err32
20241224;	121417;	1735038857.000;	    err32
20241224;	121422;	1735038862.000;	    err32
20241224;	121427;	1735038867.000;	    err32
20241224;	121432;	1735038872.000;	    err32
20241224;	121437;	1735038877.000;	    err32
20241224;	121442;	1735038882.000;	    err32
20241224;	121447;	1735038887.000;	    err32
20241224;	121452;	1735038892.000;	    err32
20241224;	121457;	1735038897.000;	    err32
20241224;	121502;	1735038902.000;	    err32
20241224;	121507;	1735038907.000;	    err32
20241224;	121512;	1735038912.000;	    err32
20241224;	121517;	1735038917.000;	    err32
20241224;	121522;	1735038922.000;	    err32
20241224;	121527;	1735038927.000;	    err32
20241224;	121532;	1735038932.000;	    err32
20241224;	121537;	1735038937.000;	    err32
20241224;	121542;	1735038942.000;	    err32
20241224;	121547;	1735038947.000;	    err32
20241224;	121552;	1735038952.000;	    err32
20241224;	121557;	1735038957.000;	    err32
20241224;	121602;	1735038962.000;	    err32
20241224;	121607;	1735038967.000;	    err32
20241224;	121612;	1735038972.000;	    err32
20241224;	121617;	1735038977.000;	    err32
20241224;	121622;	1735038982.000;	    err32
20241224;	121627;	1735038987.000;	    err32
20241224;	121632;	1735038992.000;	    err32
20241224;	121637;	1735038997.000;	    err32
20241224;	121642;	1735039002.000;	    err32
20241224;	121647;	1735039007.000;	    err32
20241224;	121652;	1735039012.000;	    err32
20241224;	121657;	1735039017.000;	    err32
20241224;	121702;	1735039022.000;	    err32
20241224;	121707;	1735039027.000;	    err32
20241224;	121712;	1735039032.000;	    err32
20241224;	121717;	1735039037.000;	    err32
20241224;	121722;	1735039042.000;	    err32
20241224;	121727;	1735039047.000;	    err32
20241224;	121732;	1735039052.000;	    err32
20241224;	121737;	1735039057.000;	    err32
20241224;	121742;	1735039062.000;	    err32
20241224;	121747;	1735039067.000;	    err32
20241224;	121752;	1735039072.000;	    err32
20241224;	121757;	1735039077.000;	    err32
20241224;	121802;	1735039082.000;	    err32
20241224;	121807;	1735039087.000;	    err32
20241224;	121812;	1735039092.000;	    err32
20241224;	121817;	1735039097.000;	    err32
20241224;	121822;	1735039102.000;	    err32
20241224;	121827;	1735039107.000;	    err32
20241224;	121832;	1735039112.000;	    err32
20241224;	121837;	1735039117.000;	    err32
20241224;	121842;	1735039122.000;	    err32
20241224;	121847;	1735039127.000;	    err32
20241224;	121852;	1735039132.000;	    err32
20241224;	121857;	1735039137.000;	    err32
20241224;	121902;	1735039142.000;	    err32
20241224;	121907;	1735039147.000;	    err32
20241224;	121912;	1735039152.000;	    err32
20241224;	121917;	1735039157.000;	    err32
20241224;	121922;	1735039162.000;	    err32
20241224;	121927;	1735039167.000;	    err32
20241224;	121932;	1735039172.000;	    err32
20241224;	121937;	1735039177.000;	    err32
20241224;	121942;	1735039182.000;	    err32
20241224;	121947;	1735039187.000;	    err32
20241224;	121952;	1735039192.000;	    err32
20241224;	121957;	1735039197.000;	    err32
20241224;	122002;	1735039202.000;	    err32
20241224;	122007;	1735039207.000;	    err32
20241224;	122012;	1735039212.000;	    err32
20241224;	122017;	1735039217.000;	    err32
20241224;	122022;	1735039222.000;	    err32
20241224;	122027;	1735039227.000;	    err32
20241224;	122032;	1735039232.000;	    err32
20241224;	122037;	1735039237.000;	    err32
20241224;	122042;	1735039242.000;	    err32
20241224;	122047;	1735039247.000;	    err32
20241224;	122052;	1735039252.000;	    err32
20241224;	122057;	1735039257.000;	    err32
20241224;	122102;	1735039262.000;	    err32
20241224;	122107;	1735039267.000;	    err32
20241224;	122112;	1735039272.000;	    err32
20241224;	122117;	1735039277.000;	    err32
20241224;	122122;	1735039282.000;	    err32
20241224;	122127;	1735039287.000;	    err32
20241224;	122132;	1735039292.000;	    err32
20241224;	122137;	1735039297.000;	    err32
20241224;	122142;	1735039302.000;	    err32
20241224;	122147;	1735039307.000;	    err32
20241224;	122152;	1735039312.000;	    err32
20241224;	122157;	1735039317.000;	    err32
20241224;	122202;	1735039322.000;	    err32
20241224;	122207;	1735039327.000;	    err32
20241224;	122212;	1735039332.000;	    err32
20241224;	122217;	1735039337.000;	    err32
20241224;	122222;	1735039342.000;	    err32
20241224;	122227;	1735039347.000;	    err32
20241224;	122232;	1735039352.000;	    err32
20241224;	122237;	1735039357.000;	    err32
20241224;	122242;	1735039362.000;	    err32
20241224;	122247;	1735039367.000;	    err32
20241224;	122252;	1735039372.000;	    err32
20241224;	122257;	1735039377.000;	    err32
20241224;	122302;	1735039382.000;	    err32
20241224;	122307;	1735039387.000;	    err32
20241224;	122312;	1735039392.000;	    err32
20241224;	122317;	1735039397.000;	    err32
20241224;	122322;	1735039402.000;	    err32
20241224;	122327;	1735039407.000;	    err32
20241224;	122332;	1735039412.000;	    err32
20241224;	122337;	1735039417.000;	    err32
20241224;	122342;	1735039422.000;	    err32
20241224;	122347;	1735039427.000;	    err32
20241224;	122352;	1735039432.000;	    err32
20241224;	122357;	1735039437.000;	    err32
20241224;	122402;	1735039442.000;	    err32
20241224;	122407;	1735039447.000;	    err32
20241224;	122412;	1735039452.000;	    err32
20241224;	122417;	1735039457.000;	    err32
20241224;	122422;	1735039462.000;	    err32
20241224;	122427;	1735039467.000;	    err32
20241224;	122432;	1735039472.000;	    err32
20241224;	122437;	1735039477.000;	    err32
20241224;	122442;	1735039482.000;	    err32
20241224;	122447;	1735039487.000;	    err32
20241224;	122452;	1735039492.000;	    err32
20241224;	122457;	1735039497.000;	    err32
20241224;	122502;	1735039502.000;	    err32
20241224;	122507;	1735039507.000;	    err32
20241224;	122512;	1735039512.000;	    err32
20241224;	122517;	1735039517.000;	    err32
20241224;	122522;	1735039522.000;	    err32
20241224;	122527;	1735039527.000;	    err32
20241224;	122532;	1735039532.000;	    err32
20241224;	122537;	1735039537.000;	    err32
20241224;	122542;	1735039542.000;	    err32
20241224;	122547;	1735039547.000;	    err32
20241224;	122552;	1735039552.000;	    err32
20241224;	122557;	1735039557.000;	   +0.162
20241224;	122602;	1735039562.000;	    err20
20241224;	122607;	1735039567.000;	   +0.167
20241224;	122612;	1735039572.000;	   +0.156
20241224;	122617;	1735039577.000;	   +0.166
20241224;	122622;	1735039582.000;	   +0.156
20241224;	122627;	1735039587.000;	   +0.137
20241224;	122632;	1735039592.000;	   +2.642
20241224;	122637;	1735039597.000;	   +2.632
20241224;	122642;	1735039602.000;	   +2.620
20241224;	122647;	1735039607.000;	   +2.617
20241224;	122652;	1735039612.000;	   +2.598
20241224;	122657;	1735039617.000;	   +2.117
20241224;	122702;	1735039622.000;	   +3.906
20241224;	122707;	1735039627.000;	   +3.971
20241224;	122712;	1735039632.000;	   +3.994
20241224;	122717;	1735039637.000;	   +3.223
20241224;	122722;	1735039642.000;	   +3.563
20241224;	122727;	1735039647.000;	   +4.531
20241224;	122732;	1735039652.000;	   +4.092
20241224;	122737;	1735039657.000;	   +3.945
20241224;	122742;	1735039662.000;	   +3.991
20241224;	122747;	1735039667.000;	   +3.937
20241224;	122752;	1735039672.000;	   +3.955
20241224;	122757;	1735039677.000;	   +3.930
20241224;	122802;	1735039682.000;	    err32
20241224;	122807;	1735039687.000;	    err32
20241224;	122812;	1735039692.000;	    err32
20241224;	122817;	1735039697.000;	    err32
20241224;	122822;	1735039702.000;	    err32
20241224;	122827;	1735039707.000;	    err32
20241224;	122832;	1735039712.000;	    err32
20241224;	122837;	1735039717.000;	    err32
20241224;	122842;	1735039722.000;	    err32
20241224;	122847;	1735039727.000;	    err32
20241224;	122852;	1735039732.000;	    err32
20241224;	122857;	1735039737.000;	    err32
20241224;	122902;	1735039742.000;	    err32
20241224;	122907;	1735039747.000;	    err32
20241224;	122912;	1735039752.000;	    err32
20241224;	122917;	1735039757.000;	    err32
20241224;	122922;	1735039762.000;	    err32
20241224;	122927;	1735039767.000;	    err32
20241224;	122932;	1735039772.000;	    err32
20241224;	122937;	1735039777.000;	    err32
20241224;	122942;	1735039782.000;	    err32
20241224;	122947;	1735039787.000;	    err32
20241224;	122952;	1735039792.000;	    err32
20241224;	122957;	1735039797.000;	    err32
20241224;	123002;	1735039802.000;	    err32
20241224;	123007;	1735039807.000;	    err32
20241224;	123012;	1735039812.000;	    err32
20241224;	123017;	1735039817.000;	    err32
20241224;	123022;	1735039822.000;	    err32
20241224;	123027;	1735039827.000;	    err32
20241224;	123032;	1735039832.000;	    err32
20241224;	123037;	1735039837.000;	    err32
20241224;	123042;	1735039842.000;	    err32
20241224;	123047;	1735039847.000;	    err32
20241224;	123052;	1735039852.000;	    err32
20241224;	123057;	1735039857.000;	    err32
20241224;	123102;	1735039862.000;	    err32
20241224;	123107;	1735039867.000;	    err32
20241224;	123112;	1735039872.000;	    err32
20241224;	123117;	1735039877.000;	    err32
20241224;	123122;	1735039882.000;	    err32
20241224;	123127;	1735039887.000;	    err32
20241224;	123132;	1735039892.000;	    err32
20241224;	123137;	1735039897.000;	    err32
20241224;	123142;	1735039902.000;	    err32
20241224;	123147;	1735039907.000;	    err32
20241224;	123152;	1735039912.000;	    err32
20241224;	123157;	1735039917.000;	    err32
20241224;	123202;	1735039922.000;	    err32
20241224;	123207;	1735039927.000;	    err32
20241224;	123212;	1735039932.000;	    err32
20241224;	123217;	1735039937.000;	    err32
20241224;	123222;	1735039942.000;	    err32
20241224;	123227;	1735039947.000;	    err32
20241224;	123232;	1735039952.000;	    err32
20241224;	123237;	1735039957.000;	    err32
20241224;	123242;	1735039962.000;	    err32
20241224;	123247;	1735039967.000;	    err32
20241224;	123252;	1735039972.000;	    err32
20241224;	123257;	1735039977.000;	    err32
20241224;	123302;	1735039982.000;	    err32
20241224;	123307;	1735039987.000;	    err32
20241224;	123312;	1735039992.000;	    err32
20241224;	123317;	1735039997.000;	    err32
20241224;	123322;	1735040002.000;	    err32
20241224;	123327;	1735040007.000;	    err32
20241224;	123332;	1735040012.000;	    err32
20241224;	123337;	1735040017.000;	    err32
20241224;	123342;	1735040022.000;	    err32
20241224;	123347;	1735040027.000;	    err32
20241224;	123352;	1735040032.000;	    err32
20241224;	123357;	1735040037.000;	    err32
20241224;	123402;	1735040042.000;	    err32
20241224;	123407;	1735040047.000;	    err32
20241224;	123412;	1735040052.000;	    err32
20241224;	123417;	1735040057.000;	    err32
20241224;	123422;	1735040062.000;	    err32
20241224;	123427;	1735040067.000;	    err32
20241224;	123432;	1735040072.000;	    err32
20241224;	123437;	1735040077.000;	    err32
20241224;	123442;	1735040082.000;	    err32
20241224;	123447;	1735040087.000;	    err32
20241224;	123452;	1735040092.000;	    err32
20241224;	123457;	1735040097.000;	    err32
20241224;	123502;	1735040102.000;	    err32
20241224;	123507;	1735040107.000;	    err32
20241224;	123512;	1735040112.000;	    err32
20241224;	123517;	1735040117.000;	    err32
20241224;	123522;	1735040122.000;	    err32
20241224;	123527;	1735040127.000;	    err32
20241224;	123532;	1735040132.000;	    err32
20241224;	123537;	1735040137.000;	    err32
20241224;	123542;	1735040142.000;	    err32
20241224;	123547;	1735040147.000;	    err32
20241224;	123552;	1735040152.000;	    err32
20241224;	123557;	1735040157.000;	    err32
20241224;	123602;	1735040162.000;	    err32
20241224;	123607;	1735040167.000;	    err32
20241224;	123612;	1735040172.000;	    err32
20241224;	123617;	1735040177.000;	    err32
20241224;	123622;	1735040182.000;	    err32
20241224;	123627;	1735040187.000;	    err32
20241224;	123632;	1735040192.000;	    err32
20241224;	123637;	1735040197.000;	    err32
20241224;	123642;	1735040202.000;	    err32
20241224;	123647;	1735040207.000;	    err32
20241224;	123652;	1735040212.000;	    err32
20241224;	123657;	1735040217.000;	    err32
20241224;	123702;	1735040222.000;	    err32
20241224;	123707;	1735040227.000;	    err32
20241224;	123712;	1735040232.000;	    err32
20241224;	123717;	1735040237.000;	    err32
20241224;	123722;	1735040242.000;	    err32
20241224;	123727;	1735040247.000;	    err32
20241224;	123732;	1735040252.000;	    err32
20241224;	123737;	1735040257.000;	    err32
20241224;	123742;	1735040262.000;	    err32
20241224;	123747;	1735040267.000;	    err32
20241224;	123752;	1735040272.000;	    err32
20241224;	123757;	1735040277.000;	    err32
20241224;	123802;	1735040282.000;	    err32
20241224;	123807;	1735040287.000;	    err32
20241224;	123812;	1735040292.000;	    err32
20241224;	123817;	1735040297.000;	    err32
20241224;	123822;	1735040302.000;	    err32
20241224;	123827;	1735040307.000;	    err32
20241224;	123832;	1735040312.000;	    err32
20241224;	123837;	1735040317.000;	    err32
20241224;	123842;	1735040322.000;	    err32
20241224;	123847;	1735040327.000;	    err32
20241224;	123852;	1735040332.000;	    err32
20241224;	123857;	1735040337.000;	    err32
20241224;	123902;	1735040342.000;	    err32
20241224;	123907;	1735040347.000;	    err32
20241224;	123912;	1735040352.000;	    err32
20241224;	123917;	1735040357.000;	    err32
20241224;	123922;	1735040362.000;	    err32
20241224;	123927;	1735040367.000;	    err32
20241224;	123932;	1735040372.000;	    err32
20241224;	123937;	1735040377.000;	    err32
20241224;	123942;	1735040382.000;	    err32
20241224;	123947;	1735040387.000;	    err32
20241224;	123952;	1735040392.000;	    err32
20241224;	123957;	1735040397.000;	    err32
20241224;	124002;	1735040402.000;	    err32
20241224;	124007;	1735040407.000;	    err32
20241224;	124012;	1735040412.000;	    err32
20241224;	124017;	1735040417.000;	    err32
20241224;	124022;	1735040422.000;	    err32
20241224;	124027;	1735040427.000;	    err32
20241224;	124032;	1735040432.000;	    err32
20241224;	124037;	1735040437.000;	    err32
20241224;	124042;	1735040442.000;	    err32
20241224;	124047;	1735040447.000;	    err32
20241224;	124052;	1735040452.000;	    err32
20241224;	124057;	1735040457.000;	    err32
20241224;	124102;	1735040462.000;	    err32
20241224;	124107;	1735040467.000;	    err32
20241224;	124112;	1735040472.000;	    err32
20241224;	124117;	1735040477.000;	    err32
20241224;	124122;	1735040482.000;	    err32
20241224;	124127;	1735040487.000;	    err32
20241224;	124132;	1735040492.000;	    err32
20241224;	124137;	1735040497.000;	    err32
20241224;	124142;	1735040502.000;	    err32
20241224;	124147;	1735040507.000;	    err32
20241224;	124152;	1735040512.000;	    err32
20241224;	124157;	1735040517.000;	    err32
20241224;	124202;	1735040522.000;	    err32
20241224;	124207;	1735040527.000;	    err32
20241224;	124212;	1735040532.000;	    err32
20241224;	124217;	1735040537.000;	    err32
20241224;	124222;	1735040542.000;	    err32
20241224;	124227;	1735040547.000;	    err32
20241224;	124232;	1735040552.000;	    err32
20241224;	124237;	1735040557.000;	    err32
20241224;	124242;	1735040562.000;	    err32
20241224;	124247;	1735040567.000;	    err32
20241224;	124252;	1735040572.000;	    err32
20241224;	124257;	1735040577.000;	    err32
20241224;	124302;	1735040582.000;	    err32
20241224;	124307;	1735040587.000;	    err32
20241224;	124312;	1735040592.000;	    err32
20241224;	124317;	1735040597.000;	    err32
20241224;	124322;	1735040602.000;	    err32
20241224;	124327;	1735040607.000;	    err32
20241224;	124332;	1735040612.000;	    err32
20241224;	124337;	1735040617.000;	    err32
20241224;	124342;	1735040622.000;	    err32
20241224;	124347;	1735040627.000;	    err32
20241224;	124352;	1735040632.000;	    err32
20241224;	124357;	1735040637.000;	    err32
20241224;	124402;	1735040642.000;	    err32
20241224;	124407;	1735040647.000;	    err32
20241224;	124412;	1735040652.000;	    err32
20241224;	124417;	1735040657.000;	    err32
20241224;	124422;	1735040662.000;	    err32
20241224;	124427;	1735040667.000;	    err32
20241224;	124432;	1735040672.000;	    err32
20241224;	124437;	1735040677.000;	    err32
20241224;	124442;	1735040682.000;	    err32
20241224;	124447;	1735040687.000;	    err32
20241224;	124452;	1735040692.000;	    err32
20241224;	124457;	1735040697.000;	    err32
20241224;	124502;	1735040702.000;	    err32
20241224;	124507;	1735040707.000;	    err32
20241224;	124512;	1735040712.000;	    err32
20241224;	124517;	1735040717.000;	    err32
20241224;	124522;	1735040722.000;	    err32
20241224;	124527;	1735040727.000;	    err32
20241224;	124532;	1735040732.000;	    err32
20241224;	124537;	1735040737.000;	    err32
20241224;	124542;	1735040742.000;	    err32
20241224;	124547;	1735040747.000;	    err32
20241224;	124552;	1735040752.000;	    err32
20241224;	124557;	1735040757.000;	    err32
20241224;	124602;	1735040762.000;	    err32
20241224;	124607;	1735040767.000;	    err32
20241224;	124612;	1735040772.000;	    err32
20241224;	124617;	1735040777.000;	    err32
20241224;	124622;	1735040782.000;	    err32
20241224;	124627;	1735040787.000;	    err32
20241224;	124632;	1735040792.000;	    err32
20241224;	124637;	1735040797.000;	    err32
20241224;	124642;	1735040802.000;	    err32
20241224;	124647;	1735040807.000;	    err32
20241224;	124652;	1735040812.000;	    err32
20241224;	124657;	1735040817.000;	    err32
20241224;	124702;	1735040822.000;	    err32
20241224;	124707;	1735040827.000;	    err32
20241224;	124712;	1735040832.000;	    err32
20241224;	124717;	1735040837.000;	    err32
20241224;	124722;	1735040842.000;	    err32
20241224;	124727;	1735040847.000;	    err32
20241224;	124732;	1735040852.000;	    err32
20241224;	124737;	1735040857.000;	    err32
20241224;	124742;	1735040862.000;	    err32
20241224;	124747;	1735040867.000;	    err32
20241224;	124752;	1735040872.000;	    err32
20241224;	124757;	1735040877.000;	    err32
20241224;	124802;	1735040882.000;	    err32
20241224;	124807;	1735040887.000;	    err32
20241224;	124812;	1735040892.000;	    err32
20241224;	124817;	1735040897.000;	    err32
20241224;	124822;	1735040902.000;	    err32
20241224;	124827;	1735040907.000;	    err32
20241224;	124832;	1735040912.000;	    err32
20241224;	124837;	1735040917.000;	    err32
20241224;	124842;	1735040922.000;	    err32
20241224;	124847;	1735040927.000;	    err32
20241224;	124852;	1735040932.000;	    err32
20241224;	124857;	1735040937.000;	    err32
20241224;	124902;	1735040942.000;	    err32
20241224;	124907;	1735040947.000;	    err32
20241224;	124912;	1735040952.000;	    err32
20241224;	124917;	1735040957.000;	    err32
20241224;	124922;	1735040962.000;	    err32
20241224;	124927;	1735040967.000;	    err32
20241224;	124932;	1735040972.000;	    err32
20241224;	124937;	1735040977.000;	    err32
20241224;	124942;	1735040982.000;	    err32
20241224;	124947;	1735040987.000;	    err32
20241224;	124952;	1735040992.000;	    err32
20241224;	124957;	1735040997.000;	    err32
20241224;	125002;	1735041002.000;	    err32
20241224;	125007;	1735041007.000;	    err32
20241224;	125012;	1735041012.000;	    err32
20241224;	125017;	1735041017.000;	    err32
20241224;	125022;	1735041022.000;	    err32
20241224;	125027;	1735041027.000;	    err32
20241224;	125032;	1735041032.000;	    err32
20241224;	125037;	1735041037.000;	    err32
20241224;	125042;	1735041042.000;	    err32
20241224;	125047;	1735041047.000;	    err32
20241224;	125052;	1735041052.000;	    err32
20241224;	125057;	1735041057.000;	    err32
20241224;	125102;	1735041062.000;	    err32
20241224;	125107;	1735041067.000;	    err32
20241224;	125112;	1735041072.000;	    err32
20241224;	125117;	1735041077.000;	    err32
20241224;	125122;	1735041082.000;	    err32
20241224;	125127;	1735041087.000;	    err32
20241224;	125132;	1735041092.000;	    err32
20241224;	125137;	1735041097.000;	    err32
20241224;	125142;	1735041102.000;	    err32
20241224;	125147;	1735041107.000;	    err32
20241224;	125152;	1735041112.000;	    err32
20241224;	125157;	1735041117.000;	    err32
20241224;	125202;	1735041122.000;	    err32
20241224;	125207;	1735041127.000;	    err32
20241224;	125212;	1735041132.000;	    err32
20241224;	125217;	1735041137.000;	    err32
20241224;	125222;	1735041142.000;	    err32
20241224;	125227;	1735041147.000;	    err32
20241224;	125232;	1735041152.000;	    err32
20241224;	125237;	1735041157.000;	    err32
20241224;	125242;	1735041162.000;	    err32
20241224;	125247;	1735041167.000;	    err32
20241224;	125252;	1735041172.000;	    err32
20241224;	125257;	1735041177.000;	    err32
20241224;	125302;	1735041182.000;	    err32
20241224;	125307;	1735041187.000;	    err32
20241224;	125312;	1735041192.000;	    err32
20241224;	125317;	1735041197.000;	    err32
20241224;	125322;	1735041202.000;	    err32
20241224;	125327;	1735041207.000;	    err32
20241224;	125332;	1735041212.000;	    err32
20241224;	125337;	1735041217.000;	    err32
20241224;	125342;	1735041222.000;	    err32
20241224;	125347;	1735041227.000;	    err32
20241224;	125352;	1735041232.000;	    err32
20241224;	125357;	1735041237.000;	    err32
20241224;	125402;	1735041242.000;	    err32
20241224;	125407;	1735041247.000;	    err32
20241224;	125412;	1735041252.000;	    err32
20241224;	125417;	1735041257.000;	    err32
20241224;	125422;	1735041262.000;	    err32
20241224;	125427;	1735041267.000;	    err32
20241224;	125432;	1735041272.000;	    err32
20241224;	125437;	1735041277.000;	    err32
20241224;	125442;	1735041282.000;	    err32
20241224;	125447;	1735041287.000;	    err32
20241224;	125452;	1735041292.000;	    err32
20241224;	125457;	1735041297.000;	    err32
20241224;	125502;	1735041302.000;	    err32
20241224;	125507;	1735041307.000;	    err32
20241224;	125512;	1735041312.000;	    err32
20241224;	125517;	1735041317.000;	    err32
20241224;	125522;	1735041322.000;	    err32
20241224;	125527;	1735041327.000;	    err32
20241224;	125532;	1735041332.000;	    err32
20241224;	125537;	1735041337.000;	    err32
20241224;	125542;	1735041342.000;	    err32
20241224;	125547;	1735041347.000;	    err32
20241224;	125552;	1735041352.000;	    err32
20241224;	125557;	1735041357.000;	    err32
20241224;	125602;	1735041362.000;	    err32
20241224;	125607;	1735041367.000;	    err32
20241224;	125612;	1735041372.000;	    err32
20241224;	125617;	1735041377.000;	    err32
20241224;	125622;	1735041382.000;	    err32
20241224;	125627;	1735041387.000;	    err32
20241224;	125632;	1735041392.000;	    err32
20241224;	125637;	1735041397.000;	    err32
20241224;	125642;	1735041402.000;	    err32
20241224;	125647;	1735041407.000;	    err32
20241224;	125652;	1735041412.000;	    err32
20241224;	125657;	1735041417.000;	    err32
20241224;	125702;	1735041422.000;	    err32
20241224;	125707;	1735041427.000;	    err32
20241224;	125712;	1735041432.000;	    err32
20241224;	125717;	1735041437.000;	    err32
20241224;	125722;	1735041442.000;	    err32
20241224;	125727;	1735041447.000;	    err32
20241224;	125732;	1735041452.000;	    err32
20241224;	125737;	1735041457.000;	    err32
20241224;	125742;	1735041462.000;	    err32
20241224;	125747;	1735041467.000;	    err32
20241224;	125752;	1735041472.000;	    err32
20241224;	125757;	1735041477.000;	    err32
20241224;	125802;	1735041482.000;	    err32
20241224;	125807;	1735041487.000;	    err32
20241224;	125812;	1735041492.000;	    err32
20241224;	125817;	1735041497.000;	    err32
20241224;	125822;	1735041502.000;	    err32
20241224;	125827;	1735041507.000;	    err32
20241224;	125832;	1735041512.000;	    err32
20241224;	125837;	1735041517.000;	    err32
20241224;	125842;	1735041522.000;	    err32
20241224;	125847;	1735041527.000;	    err32
20241224;	125852;	1735041532.000;	    err32
20241224;	125857;	1735041537.000;	    err32
20241224;	125902;	1735041542.000;	    err32
20241224;	125907;	1735041547.000;	    err32
20241224;	125912;	1735041552.000;	    err32
20241224;	125917;	1735041557.000;	    err32
20241224;	125922;	1735041562.000;	    err32
20241224;	125927;	1735041567.000;	    err32
20241224;	125932;	1735041572.000;	    err32
20241224;	125937;	1735041577.000;	    err32
20241224;	125942;	1735041582.000;	    err32
20241224;	125947;	1735041587.000;	    err32
20241224;	125952;	1735041592.000;	    err32
20241224;	125957;	1735041597.000;	    err32
20241224;	130002;	1735041602.000;	    err32
20241224;	130007;	1735041607.000;	    err32
20241224;	130012;	1735041612.000;	    err32
20241224;	130017;	1735041617.000;	    err32
20241224;	130022;	1735041622.000;	    err32
20241224;	130027;	1735041627.000;	    err32
20241224;	130032;	1735041632.000;	    err32
20241224;	130037;	1735041637.000;	    err32
20241224;	130042;	1735041642.000;	    err32
20241224;	130047;	1735041647.000;	    err32
20241224;	130052;	1735041652.000;	    err32
20241224;	130057;	1735041657.000;	    err32
20241224;	130102;	1735041662.000;	    err32
20241224;	130107;	1735041667.000;	    err32
20241224;	130112;	1735041672.000;	    err32
20241224;	130117;	1735041677.000;	    err32
20241224;	130122;	1735041682.000;	    err32
20241224;	130127;	1735041687.000;	    err32
20241224;	130132;	1735041692.000;	    err32
20241224;	130137;	1735041697.000;	    err32
20241224;	130142;	1735041702.000;	    err32
20241224;	130147;	1735041707.000;	    err32
20241224;	130152;	1735041712.000;	    err32
20241224;	130157;	1735041717.000;	    err32
20241224;	130202;	1735041722.000;	    err32
20241224;	130207;	1735041727.000;	    err32
20241224;	130212;	1735041732.000;	    err32
20241224;	130217;	1735041737.000;	    err32
20241224;	130222;	1735041742.000;	    err32
20241224;	130227;	1735041747.000;	    err32
20241224;	130232;	1735041752.000;	    err32
20241224;	130237;	1735041757.000;	    err32
20241224;	130242;	1735041762.000;	    err32
20241224;	130247;	1735041767.000;	    err32
20241224;	130252;	1735041772.000;	    err32
20241224;	130257;	1735041777.000;	    err32
20241224;	130302;	1735041782.000;	    err32
20241224;	130307;	1735041787.000;	    err32
20241224;	130312;	1735041792.000;	    err32
20241224;	130317;	1735041797.000;	    err32
20241224;	130322;	1735041802.000;	    err32
20241224;	130327;	1735041807.000;	    err32
20241224;	130332;	1735041812.000;	    err32
20241224;	130337;	1735041817.000;	    err32
20241224;	130342;	1735041822.000;	    err32
20241224;	130347;	1735041827.000;	    err32
20241224;	130352;	1735041832.000;	    err32
20241224;	130357;	1735041837.000;	    err32
20241224;	130402;	1735041842.000;	    err32
20241224;	130407;	1735041847.000;	    err32
20241224;	130412;	1735041852.000;	    err32
20241224;	130417;	1735041857.000;	    err32
20241224;	130422;	1735041862.000;	    err32
20241224;	130427;	1735041867.000;	    err32
20241224;	130432;	1735041872.000;	    err32
20241224;	130437;	1735041877.000;	    err32
20241224;	130442;	1735041882.000;	    err32
20241224;	130447;	1735041887.000;	    err32
20241224;	130452;	1735041892.000;	    err32
20241224;	130457;	1735041897.000;	    err32
20241224;	130502;	1735041902.000;	    err32
20241224;	130507;	1735041907.000;	    err32
20241224;	130512;	1735041912.000;	    err32
20241224;	130517;	1735041917.000;	    err32
20241224;	130522;	1735041922.000;	    err32
20241224;	130527;	1735041927.000;	    err32
20241224;	130532;	1735041932.000;	    err32
20241224;	130537;	1735041937.000;	    err32
20241224;	130542;	1735041942.000;	    err32
20241224;	130547;	1735041947.000;	    err32
20241224;	130552;	1735041952.000;	    err32
20241224;	130557;	1735041957.000;	    err32
20241224;	130602;	1735041962.000;	    err32
20241224;	130607;	1735041967.000;	    err32
20241224;	130612;	1735041972.000;	    err32
20241224;	130617;	1735041977.000;	    err32
20241224;	130622;	1735041982.000;	    err32
20241224;	130627;	1735041987.000;	    err32
20241224;	130632;	1735041992.000;	    err32
20241224;	130637;	1735041997.000;	    err32
20241224;	130642;	1735042002.000;	    err32
20241224;	130647;	1735042007.000;	    err32
20241224;	130652;	1735042012.000;	    err32
20241224;	130657;	1735042017.000;	    err32
20241224;	130702;	1735042022.000;	    err32
20241224;	130707;	1735042027.000;	    err32
20241224;	130712;	1735042032.000;	    err32
20241224;	130717;	1735042037.000;	    err32
20241224;	130722;	1735042042.000;	    err32
20241224;	130727;	1735042047.000;	    err32
20241224;	130732;	1735042052.000;	    err32
20241224;	130737;	1735042057.000;	    err32
20241224;	130742;	1735042062.000;	    err32
20241224;	130747;	1735042067.000;	    err32
20241224;	130752;	1735042072.000;	    err32
20241224;	130757;	1735042077.000;	    err32
20241224;	130802;	1735042082.000;	    err32
20241224;	130807;	1735042087.000;	    err32
20241224;	130812;	1735042092.000;	    err32
20241224;	130817;	1735042097.000;	    err32
20241224;	130822;	1735042102.000;	    err32
20241224;	130827;	1735042107.000;	    err32
20241224;	130832;	1735042112.000;	    err32
20241224;	130837;	1735042117.000;	    err32
20241224;	130842;	1735042122.000;	    err32
20241224;	130847;	1735042127.000;	    err32
20241224;	130852;	1735042132.000;	    err32
20241224;	130857;	1735042137.000;	    err32
20241224;	130902;	1735042142.000;	    err32
20241224;	130907;	1735042147.000;	    err32
20241224;	130912;	1735042152.000;	    err32
20241224;	130917;	1735042157.000;	    err32
20241224;	130922;	1735042162.000;	    err32
20241224;	130927;	1735042167.000;	    err32
20241224;	130932;	1735042172.000;	    err32
20241224;	130937;	1735042177.000;	    err32
20241224;	130942;	1735042182.000;	    err32
20241224;	130947;	1735042187.000;	    err32
20241224;	130952;	1735042192.000;	    err32
20241224;	130957;	1735042197.000;	    err32
20241224;	131002;	1735042202.000;	    err32
20241224;	131007;	1735042207.000;	    err32
20241224;	131012;	1735042212.000;	    err32
20241224;	131017;	1735042217.000;	    err32
20241224;	131022;	1735042222.000;	    err32
20241224;	131027;	1735042227.000;	    err32
20241224;	131032;	1735042232.000;	    err32
20241224;	131037;	1735042237.000;	    err32
20241224;	131042;	1735042242.000;	    err32
20241224;	131047;	1735042247.000;	    err32
20241224;	131052;	1735042252.000;	    err32
20241224;	131057;	1735042257.000;	    err32
20241224;	131102;	1735042262.000;	    err32
20241224;	131107;	1735042267.000;	    err32
20241224;	131112;	1735042272.000;	    err32
20241224;	131117;	1735042277.000;	    err32
20241224;	131122;	1735042282.000;	    err32
20241224;	131127;	1735042287.000;	    err32
20241224;	131132;	1735042292.000;	    err32
20241224;	131137;	1735042297.000;	    err32
20241224;	131142;	1735042302.000;	    err32
20241224;	131147;	1735042307.000;	    err32
20241224;	131152;	1735042312.000;	    err32
20241224;	131157;	1735042317.000;	    err32
20241224;	131202;	1735042322.000;	    err32
20241224;	131207;	1735042327.000;	    err32
20241224;	131212;	1735042332.000;	    err32
20241224;	131217;	1735042337.000;	    err32
20241224;	131222;	1735042342.000;	    err32
20241224;	131227;	1735042347.000;	    err32
20241224;	131232;	1735042352.000;	    err32
20241224;	131237;	1735042357.000;	    err32
20241224;	131242;	1735042362.000;	    err32
20241224;	131247;	1735042367.000;	    err32
20241224;	131252;	1735042372.000;	    err32
20241224;	131257;	1735042377.000;	    err32
20241224;	131302;	1735042382.000;	    err32
20241224;	131307;	1735042387.000;	    err32
20241224;	131312;	1735042392.000;	    err32
20241224;	131317;	1735042397.000;	    err32
20241224;	131322;	1735042402.000;	    err32
20241224;	131327;	1735042407.000;	    err32
20241224;	131332;	1735042412.000;	    err32
20241224;	131337;	1735042417.000;	    err32
20241224;	131342;	1735042422.000;	    err32
20241224;	131347;	1735042427.000;	    err32
20241224;	131352;	1735042432.000;	    err32
20241224;	131357;	1735042437.000;	    err32
20241224;	131402;	1735042442.000;	    err32
20241224;	131407;	1735042447.000;	    err32
20241224;	131412;	1735042452.000;	    err32
20241224;	131417;	1735042457.000;	    err32
20241224;	131422;	1735042462.000;	    err32
20241224;	131427;	1735042467.000;	    err32
20241224;	131432;	1735042472.000;	    err32
20241224;	131437;	1735042477.000;	    err32
20241224;	131442;	1735042482.000;	    err32
20241224;	131447;	1735042487.000;	    err32
20241224;	131452;	1735042492.000;	    err32
20241224;	131457;	1735042497.000;	    err32
20241224;	131502;	1735042502.000;	    err32
20241224;	131507;	1735042507.000;	    err32
20241224;	131512;	1735042512.000;	    err32
20241224;	131517;	1735042517.000;	    err32
20241224;	131522;	1735042522.000;	    err32
20241224;	131527;	1735042527.000;	    err32
20241224;	131532;	1735042532.000;	    err32
20241224;	131537;	1735042537.000;	    err32
20241224;	131542;	1735042542.000;	    err32
20241224;	131547;	1735042547.000;	    err32
20241224;	131552;	1735042552.000;	    err32
20241224;	131557;	1735042557.000;	    err32
20241224;	131602;	1735042562.000;	    err32
20241224;	131607;	1735042567.000;	    err32
20241224;	131612;	1735042572.000;	    err32
20241224;	131617;	1735042577.000;	    err32
20241224;	131622;	1735042582.000;	    err32
20241224;	131627;	1735042587.000;	    err32
20241224;	131632;	1735042592.000;	    err32
20241224;	131637;	1735042597.000;	    err32
20241224;	131642;	1735042602.000;	    err32
20241224;	131647;	1735042607.000;	    err32
20241224;	131652;	1735042612.000;	    err32
20241224;	131657;	1735042617.000;	    err32
20241224;	131702;	1735042622.000;	    err32
20241224;	131707;	1735042627.000;	    err32
20241224;	131712;	1735042632.000;	    err32
20241224;	131717;	1735042637.000;	    err32
20241224;	131722;	1735042642.000;	    err32
20241224;	131727;	1735042647.000;	    err32
20241224;	131732;	1735042652.000;	    err32
20241224;	131737;	1735042657.000;	    err32
20241224;	131742;	1735042662.000;	    err32
20241224;	131747;	1735042667.000;	    err32
20241224;	131752;	1735042672.000;	    err32
20241224;	131757;	1735042677.000;	    err32
20241224;	131802;	1735042682.000;	    err32
20241224;	131807;	1735042687.000;	    err32
20241224;	131812;	1735042692.000;	    err32
20241224;	131817;	1735042697.000;	    err32
20241224;	131822;	1735042702.000;	    err32
20241224;	131827;	1735042707.000;	    err32
20241224;	131832;	1735042712.000;	    err32
20241224;	131837;	1735042717.000;	    err32
20241224;	131842;	1735042722.000;	    err32
20241224;	131847;	1735042727.000;	    err32
20241224;	131852;	1735042732.000;	    err32
20241224;	131857;	1735042737.000;	    err32
20241224;	131902;	1735042742.000;	    err32
20241224;	131907;	1735042747.000;	    err32
20241224;	131912;	1735042752.000;	    err32
20241224;	131917;	1735042757.000;	    err32
20241224;	131922;	1735042762.000;	    err32
20241224;	131927;	1735042767.000;	    err32
20241224;	131932;	1735042772.000;	    err32
20241224;	131937;	1735042777.000;	    err32
20241224;	131942;	1735042782.000;	    err32
20241224;	131947;	1735042787.000;	    err32
20241224;	131952;	1735042792.000;	    err32
20241224;	131957;	1735042797.000;	    err32
20241224;	132002;	1735042802.000;	    err32
20241224;	132007;	1735042807.000;	    err32
20241224;	132012;	1735042812.000;	    err32
20241224;	132017;	1735042817.000;	    err32
20241224;	132022;	1735042822.000;	    err32
20241224;	132027;	1735042827.000;	    err32
20241224;	132032;	1735042832.000;	    err32
20241224;	132037;	1735042837.000;	    err32
20241224;	132042;	1735042842.000;	    err32
20241224;	132047;	1735042847.000;	    err32
20241224;	132052;	1735042852.000;	    err32
20241224;	132057;	1735042857.000;	    err32
20241224;	132102;	1735042862.000;	    err32
20241224;	132107;	1735042867.000;	    err32
20241224;	132112;	1735042872.000;	    err32
20241224;	132117;	1735042877.000;	    err32
20241224;	132122;	1735042882.000;	    err32
20241224;	132127;	1735042887.000;	    err32
20241224;	132132;	1735042892.000;	    err32
20241224;	132137;	1735042897.000;	    err32
20241224;	132142;	1735042902.000;	    err32
20241224;	132147;	1735042907.000;	    err32
20241224;	132152;	1735042912.000;	    err32
20241224;	132157;	1735042917.000;	    err32
20241224;	132202;	1735042922.000;	    err32
20241224;	132207;	1735042927.000;	    err32
20241224;	132212;	1735042932.000;	    err32
20241224;	132217;	1735042937.000;	    err32
20241224;	132222;	1735042942.000;	    err32
20241224;	132227;	1735042947.000;	    err32
20241224;	132232;	1735042952.000;	    err32
20241224;	132237;	1735042957.000;	    err32
20241224;	132242;	1735042962.000;	    err32
20241224;	132247;	1735042967.000;	    err32
20241224;	132252;	1735042972.000;	    err32
20241224;	132257;	1735042977.000;	    err32
20241224;	132302;	1735042982.000;	    err32
20241224;	132307;	1735042987.000;	    err32
20241224;	132312;	1735042992.000;	    err32
20241224;	132317;	1735042997.000;	    err32
20241224;	132322;	1735043002.000;	    err32
20241224;	132327;	1735043007.000;	    err32
20241224;	132332;	1735043012.000;	    err32
20241224;	132337;	1735043017.000;	    err32
20241224;	132342;	1735043022.000;	    err32
20241224;	132347;	1735043027.000;	    err32
20241224;	132352;	1735043032.000;	    err32
20241224;	132357;	1735043037.000;	    err32
20241224;	132402;	1735043042.000;	    err32
20241224;	132407;	1735043047.000;	    err32
20241224;	132412;	1735043052.000;	    err32
20241224;	132417;	1735043057.000;	    err32
20241224;	132422;	1735043062.000;	    err32
20241224;	132427;	1735043067.000;	    err32
20241224;	132432;	1735043072.000;	    err32
20241224;	132437;	1735043077.000;	    err32
20241224;	132442;	1735043082.000;	    err32
20241224;	132447;	1735043087.000;	    err32
20241224;	132452;	1735043092.000;	    err32
20241224;	132457;	1735043097.000;	    err32
20241224;	132502;	1735043102.000;	    err32
20241224;	132507;	1735043107.000;	    err32
20241224;	132512;	1735043112.000;	    err32
20241224;	132517;	1735043117.000;	    err32
20241224;	132522;	1735043122.000;	    err32
20241224;	132527;	1735043127.000;	    err32
20241224;	132532;	1735043132.000;	    err32
20241224;	132537;	1735043137.000;	    err32
20241224;	132542;	1735043142.000;	    err32
20241224;	132547;	1735043147.000;	    err32
20241224;	132552;	1735043152.000;	    err32
20241224;	132557;	1735043157.000;	    err32
20241224;	132602;	1735043162.000;	    err32
20241224;	132607;	1735043167.000;	    err32
20241224;	132612;	1735043172.000;	    err32
20241224;	132617;	1735043177.000;	    err32
20241224;	132622;	1735043182.000;	    err32
20241224;	132627;	1735043187.000;	    err32
20241224;	132632;	1735043192.000;	    err32
20241224;	132637;	1735043197.000;	    err32
20241224;	132642;	1735043202.000;	    err32
20241224;	132647;	1735043207.000;	    err32
20241224;	132652;	1735043212.000;	    err32
20241224;	132657;	1735043217.000;	    err32
20241224;	132702;	1735043222.000;	    err32
20241224;	132707;	1735043227.000;	    err32
20241224;	132712;	1735043232.000;	    err32
20241224;	132717;	1735043237.000;	    err32
20241224;	132722;	1735043242.000;	    err32
20241224;	132727;	1735043247.000;	    err32
20241224;	132732;	1735043252.000;	    err32
20241224;	132737;	1735043257.000;	    err32
20241224;	132742;	1735043262.000;	    err32
20241224;	132747;	1735043267.000;	    err32
20241224;	132752;	1735043272.000;	    err32
20241224;	132757;	1735043277.000;	    err32
20241224;	132802;	1735043282.000;	    err32
20241224;	132807;	1735043287.000;	    err32
20241224;	132812;	1735043292.000;	    err32
20241224;	132817;	1735043297.000;	    err32
20241224;	132822;	1735043302.000;	    err32
20241224;	132827;	1735043307.000;	    err32
20241224;	132832;	1735043312.000;	    err32
20241224;	132837;	1735043317.000;	    err32
20241224;	132842;	1735043322.000;	    err32
20241224;	132847;	1735043327.000;	    err32
20241224;	132852;	1735043332.000;	    err32
20241224;	132857;	1735043337.000;	    err32
20241224;	132902;	1735043342.000;	    err32
20241224;	132907;	1735043347.000;	    err32
20241224;	132912;	1735043352.000;	    err32
20241224;	132917;	1735043357.000;	    err32
20241224;	132922;	1735043362.000;	    err32
20241224;	132927;	1735043367.000;	    err32
20241224;	132932;	1735043372.000;	    err32
20241224;	132937;	1735043377.000;	    err32
20241224;	132942;	1735043382.000;	    err32
20241224;	132947;	1735043387.000;	    err32
20241224;	132952;	1735043392.000;	    err32
20241224;	132957;	1735043397.000;	    err32
20241224;	133002;	1735043402.000;	    err32
20241224;	133007;	1735043407.000;	    err32
20241224;	133012;	1735043412.000;	    err32
20241224;	133017;	1735043417.000;	    err32
20241224;	133022;	1735043422.000;	    err32
20241224;	133027;	1735043427.000;	    err32
20241224;	133032;	1735043432.000;	    err32
20241224;	133037;	1735043437.000;	    err32
20241224;	133042;	1735043442.000;	    err32
20241224;	133047;	1735043447.000;	    err32
20241224;	133052;	1735043452.000;	    err32
20241224;	133057;	1735043457.000;	    err32
20241224;	133102;	1735043462.000;	    err32
20241224;	133107;	1735043467.000;	    err32
20241224;	133112;	1735043472.000;	    err32
20241224;	133117;	1735043477.000;	    err32
20241224;	133122;	1735043482.000;	    err32
20241224;	133127;	1735043487.000;	    err32
20241224;	133132;	1735043492.000;	    err32
20241224;	133137;	1735043497.000;	    err32
20241224;	133142;	1735043502.000;	    err32
20241224;	133147;	1735043507.000;	    err32
20241224;	133152;	1735043512.000;	    err32
20241224;	133157;	1735043517.000;	    err32
20241224;	133202;	1735043522.000;	    err32
20241224;	133207;	1735043527.000;	    err32
20241224;	133212;	1735043532.000;	    err32
20241224;	133217;	1735043537.000;	    err32
20241224;	133222;	1735043542.000;	    err32
20241224;	133227;	1735043547.000;	    err32
20241224;	133232;	1735043552.000;	    err32
20241224;	133237;	1735043557.000;	    err32
20241224;	133242;	1735043562.000;	    err32
20241224;	133247;	1735043567.000;	    err32
20241224;	133252;	1735043572.000;	    err32
20241224;	133257;	1735043577.000;	    err32
20241224;	133302;	1735043582.000;	    err32
20241224;	133307;	1735043587.000;	    err32
20241224;	133312;	1735043592.000;	    err32
20241224;	133317;	1735043597.000;	    err32
20241224;	133322;	1735043602.000;	    err32
20241224;	133327;	1735043607.000;	    err32
20241224;	133332;	1735043612.000;	    err32
20241224;	133337;	1735043617.000;	    err32
20241224;	133342;	1735043622.000;	    err32
20241224;	133347;	1735043627.000;	    err32
20241224;	133352;	1735043632.000;	    err32
20241224;	133357;	1735043637.000;	    err32
20241224;	133402;	1735043642.000;	    err32
20241224;	133407;	1735043647.000;	    err32
20241224;	133412;	1735043652.000;	    err32
20241224;	133417;	1735043657.000;	    err32
20241224;	133422;	1735043662.000;	    err32
20241224;	133427;	1735043667.000;	    err32
20241224;	133432;	1735043672.000;	    err32
20241224;	133437;	1735043677.000;	    err32
20241224;	133442;	1735043682.000;	    err32
20241224;	133447;	1735043687.000;	    err32
20241224;	133452;	1735043692.000;	    err32
20241224;	133457;	1735043697.000;	    err32
20241224;	133502;	1735043702.000;	    err32
20241224;	133507;	1735043707.000;	    err32
20241224;	133512;	1735043712.000;	    err32
20241224;	133517;	1735043717.000;	    err32
20241224;	133522;	1735043722.000;	    err32
20241224;	133527;	1735043727.000;	    err32
20241224;	133532;	1735043732.000;	    err32
20241224;	133537;	1735043737.000;	    err32
20241224;	133542;	1735043742.000;	    err32
20241224;	133547;	1735043747.000;	    err32
20241224;	133552;	1735043752.000;	    err32
20241224;	133557;	1735043757.000;	    err32
20241224;	133602;	1735043762.000;	    err32
20241224;	133607;	1735043767.000;	    err32
20241224;	133612;	1735043772.000;	    err32
20241224;	133617;	1735043777.000;	    err32
20241224;	133622;	1735043782.000;	    err32
20241224;	133627;	1735043787.000;	    err32
20241224;	133632;	1735043792.000;	    err32
20241224;	133637;	1735043797.000;	    err32
20241224;	133642;	1735043802.000;	    err32
20241224;	133647;	1735043807.000;	    err32
20241224;	133652;	1735043812.000;	    err32
20241224;	133657;	1735043817.000;	    err32
20241224;	133702;	1735043822.000;	    err32
20241224;	133707;	1735043827.000;	    err32
20241224;	133712;	1735043832.000;	    err32
20241224;	133717;	1735043837.000;	    err32
20241224;	133722;	1735043842.000;	    err32
20241224;	133727;	1735043847.000;	    err32
20241224;	133732;	1735043852.000;	    err32
20241224;	133737;	1735043857.000;	    err32
20241224;	133742;	1735043862.000;	    err32
20241224;	133747;	1735043867.000;	    err32
20241224;	133752;	1735043872.000;	    err32
20241224;	133757;	1735043877.000;	    err32
20241224;	133802;	1735043882.000;	    err32
20241224;	133807;	1735043887.000;	    err32
20241224;	133812;	1735043892.000;	    err32
20241224;	133817;	1735043897.000;	    err32
20241224;	133822;	1735043902.000;	    err32
20241224;	133827;	1735043907.000;	    err32
20241224;	133832;	1735043912.000;	    err32
20241224;	133837;	1735043917.000;	    err32
20241224;	133842;	1735043922.000;	    err32
20241224;	133847;	1735043927.000;	    err32
20241224;	133852;	1735043932.000;	    err32
20241224;	133857;	1735043937.000;	    err32
20241224;	133902;	1735043942.000;	    err32
20241224;	133907;	1735043947.000;	    err32
20241224;	133912;	1735043952.000;	    err32
20241224;	133917;	1735043957.000;	    err32
20241224;	133922;	1735043962.000;	    err32
20241224;	133927;	1735043967.000;	    err32
20241224;	133932;	1735043972.000;	    err32
20241224;	133937;	1735043977.000;	    err32
20241224;	133942;	1735043982.000;	    err32
20241224;	133947;	1735043987.000;	    err32
20241224;	133952;	1735043992.000;	    err32
20241224;	133957;	1735043997.000;	    err32
20241224;	134002;	1735044002.000;	    err32
20241224;	134007;	1735044007.000;	    err32
20241224;	134012;	1735044012.000;	    err32
20241224;	134017;	1735044017.000;	    err32
20241224;	134022;	1735044022.000;	    err32
20241224;	134027;	1735044027.000;	    err32
20241224;	134032;	1735044032.000;	    err32
20241224;	134037;	1735044037.000;	    err32
20241224;	134042;	1735044042.000;	    err32
20241224;	134047;	1735044047.000;	    err32
20241224;	134052;	1735044052.000;	    err32
20241224;	134057;	1735044057.000;	    err32
20241224;	134102;	1735044062.000;	    err32
20241224;	134107;	1735044067.000;	    err32
20241224;	134112;	1735044072.000;	    err32
20241224;	134117;	1735044077.000;	    err32
20241224;	134122;	1735044082.000;	    err32
20241224;	134127;	1735044087.000;	    err32
20241224;	134132;	1735044092.000;	    err32
20241224;	134137;	1735044097.000;	    err32
20241224;	134142;	1735044102.000;	    err32
20241224;	134147;	1735044107.000;	    err32
20241224;	134152;	1735044112.000;	    err32
20241224;	134157;	1735044117.000;	    err32
20241224;	134202;	1735044122.000;	    err32
20241224;	134207;	1735044127.000;	    err32
20241224;	134212;	1735044132.000;	    err32
20241224;	134217;	1735044137.000;	    err32
20241224;	134222;	1735044142.000;	    err32
20241224;	134227;	1735044147.000;	    err32
20241224;	134232;	1735044152.000;	    err32
20241224;	134237;	1735044157.000;	    err32
20241224;	134242;	1735044162.000;	    err32
20241224;	134247;	1735044167.000;	    err32
20241224;	134252;	1735044172.000;	    err32
20241224;	134257;	1735044177.000;	    err32
20241224;	134302;	1735044182.000;	    err32
20241224;	134307;	1735044187.000;	    err32
20241224;	134312;	1735044192.000;	    err32
20241224;	134317;	1735044197.000;	    err32
20241224;	134322;	1735044202.000;	    err32
20241224;	134327;	1735044207.000;	    err32
20241224;	134332;	1735044212.000;	    err32
20241224;	134337;	1735044217.000;	    err32
20241224;	134342;	1735044222.000;	    err32
20241224;	134347;	1735044227.000;	    err32
20241224;	134352;	1735044232.000;	    err32
20241224;	134357;	1735044237.000;	    err32
20241224;	134402;	1735044242.000;	    err32
20241224;	134407;	1735044247.000;	    err32
20241224;	134412;	1735044252.000;	    err32
20241224;	134417;	1735044257.000;	    err32
20241224;	134422;	1735044262.000;	    err32
20241224;	134427;	1735044267.000;	    err32
20241224;	134432;	1735044272.000;	    err32
20241224;	134437;	1735044277.000;	    err32
20241224;	134442;	1735044282.000;	    err32
20241224;	134447;	1735044287.000;	    err32
20241224;	134452;	1735044292.000;	    err32
20241224;	134457;	1735044297.000;	    err32
20241224;	134502;	1735044302.000;	    err32
20241224;	134507;	1735044307.000;	    err32
20241224;	134512;	1735044312.000;	    err32
20241224;	134517;	1735044317.000;	    err32
20241224;	134522;	1735044322.000;	    err32
20241224;	134527;	1735044327.000;	    err32
20241224;	134532;	1735044332.000;	    err32
20241224;	134537;	1735044337.000;	    err32
20241224;	134542;	1735044342.000;	    err32
20241224;	134547;	1735044347.000;	    err32
20241224;	134552;	1735044352.000;	    err32
20241224;	134557;	1735044357.000;	    err32
20241224;	134602;	1735044362.000;	    err32
20241224;	134607;	1735044367.000;	    err32
20241224;	134612;	1735044372.000;	    err32
20241224;	134617;	1735044377.000;	    err32
20241224;	134622;	1735044382.000;	    err32
20241224;	134627;	1735044387.000;	    err32
20241224;	134632;	1735044392.000;	    err32
20241224;	134637;	1735044397.000;	    err32
20241224;	134642;	1735044402.000;	    err32
20241224;	134647;	1735044407.000;	    err32
20241224;	134652;	1735044412.000;	    err32
20241224;	134657;	1735044417.000;	    err32
20241224;	134702;	1735044422.000;	    err32
20241224;	134707;	1735044427.000;	    err32
20241224;	134712;	1735044432.000;	    err32
20241224;	134717;	1735044437.000;	    err32
20241224;	134722;	1735044442.000;	    err32
20241224;	134727;	1735044447.000;	    err32
20241224;	134732;	1735044452.000;	    err32
20241224;	134737;	1735044457.000;	    err32
20241224;	134742;	1735044462.000;	    err32
20241224;	134747;	1735044467.000;	    err32
20241224;	134752;	1735044472.000;	    err32
20241224;	134757;	1735044477.000;	    err32
20241224;	134802;	1735044482.000;	    err32
20241224;	134807;	1735044487.000;	    err32
20241224;	134812;	1735044492.000;	    err32
20241224;	134817;	1735044497.000;	    err32
20241224;	134822;	1735044502.000;	    err32
20241224;	134827;	1735044507.000;	    err32
20241224;	134832;	1735044512.000;	    err32
20241224;	134837;	1735044517.000;	    err32
20241224;	134842;	1735044522.000;	    err32
20241224;	134847;	1735044527.000;	    err32
20241224;	134852;	1735044532.000;	    err32
20241224;	134857;	1735044537.000;	    err32
20241224;	134902;	1735044542.000;	    err32
20241224;	134907;	1735044547.000;	    err32
20241224;	134912;	1735044552.000;	    err32
20241224;	134917;	1735044557.000;	    err32
20241224;	134922;	1735044562.000;	    err32
20241224;	134927;	1735044567.000;	    err32
20241224;	134932;	1735044572.000;	    err32
20241224;	134937;	1735044577.000;	    err32
20241224;	134942;	1735044582.000;	    err32
20241224;	134947;	1735044587.000;	    err32
20241224;	134952;	1735044592.000;	    err32
20241224;	134957;	1735044597.000;	    err32
20241224;	135002;	1735044602.000;	    err32
20241224;	135007;	1735044607.000;	    err32
20241224;	135012;	1735044612.000;	    err32
20241224;	135017;	1735044617.000;	    err32
20241224;	135022;	1735044622.000;	    err32
20241224;	135027;	1735044627.000;	    err32
20241224;	135032;	1735044632.000;	    err32
20241224;	135037;	1735044637.000;	    err32
20241224;	135042;	1735044642.000;	    err32
20241224;	135047;	1735044647.000;	    err32
20241224;	135052;	1735044652.000;	    err32
20241224;	135057;	1735044657.000;	    err32
20241224;	135102;	1735044662.000;	    err32
20241224;	135107;	1735044667.000;	    err32
20241224;	135112;	1735044672.000;	    err32
20241224;	135117;	1735044677.000;	    err32
20241224;	135122;	1735044682.000;	    err32
20241224;	135127;	1735044687.000;	    err32
20241224;	135132;	1735044692.000;	    err32
20241224;	135137;	1735044697.000;	    err32
20241224;	135142;	1735044702.000;	    err32
20241224;	135147;	1735044707.000;	    err32
20241224;	135152;	1735044712.000;	    err32
20241224;	135157;	1735044717.000;	    err32
20241224;	135202;	1735044722.000;	    err32
20241224;	135207;	1735044727.000;	    err32
20241224;	135212;	1735044732.000;	    err32
20241224;	135217;	1735044737.000;	    err32
20241224;	135222;	1735044742.000;	    err32
20241224;	135227;	1735044747.000;	    err32
20241224;	135232;	1735044752.000;	    err32
20241224;	135237;	1735044757.000;	    err32
20241224;	135242;	1735044762.000;	    err32
20241224;	135247;	1735044767.000;	    err32
20241224;	135252;	1735044772.000;	    err32
20241224;	135257;	1735044777.000;	    err32
20241224;	135302;	1735044782.000;	    err32
20241224;	135307;	1735044787.000;	    err32
20241224;	135312;	1735044792.000;	    err32
20241224;	135317;	1735044797.000;	    err32
20241224;	135322;	1735044802.000;	    err32
20241224;	135327;	1735044807.000;	    err32
20241224;	135332;	1735044812.000;	    err32
20241224;	135337;	1735044817.000;	    err32
20241224;	135342;	1735044822.000;	    err32
20241224;	135347;	1735044827.000;	    err32
20241224;	135352;	1735044832.000;	    err32
20241224;	135357;	1735044837.000;	    err32
20241224;	135402;	1735044842.000;	    err32
20241224;	135407;	1735044847.000;	    err32
20241224;	135412;	1735044852.000;	    err32
20241224;	135417;	1735044857.000;	    err32
20241224;	135422;	1735044862.000;	    err32
20241224;	135427;	1735044867.000;	    err32
20241224;	135432;	1735044872.000;	    err32
20241224;	135437;	1735044877.000;	    err32
20241224;	135442;	1735044882.000;	    err32
20241224;	135447;	1735044887.000;	    err32
20241224;	135452;	1735044892.000;	    err32
20241224;	135457;	1735044897.000;	    err32
20241224;	135502;	1735044902.000;	    err32
20241224;	135507;	1735044907.000;	    err32
20241224;	135512;	1735044912.000;	    err32
20241224;	135517;	1735044917.000;	    err32
20241224;	135522;	1735044922.000;	    err32
20241224;	135527;	1735044927.000;	    err32
20241224;	135532;	1735044932.000;	    err32
20241224;	135537;	1735044937.000;	    err32
20241224;	135542;	1735044942.000;	    err32
20241224;	135547;	1735044947.000;	    err32
20241224;	135552;	1735044952.000;	    err32
20241224;	135557;	1735044957.000;	    err32
20241224;	135602;	1735044962.000;	    err32
20241224;	135607;	1735044967.000;	    err32
20241224;	135612;	1735044972.000;	    err32
20241224;	135617;	1735044977.000;	    err32
20241224;	135622;	1735044982.000;	    err32
20241224;	135627;	1735044987.000;	    err32
20241224;	135632;	1735044992.000;	    err32
20241224;	135637;	1735044997.000;	    err32
20241224;	135642;	1735045002.000;	    err32
20241224;	135647;	1735045007.000;	    err32
20241224;	135652;	1735045012.000;	    err32
20241224;	135657;	1735045017.000;	    err32
20241224;	135702;	1735045022.000;	    err32
20241224;	135707;	1735045027.000;	    err32
20241224;	135712;	1735045032.000;	    err32
20241224;	135717;	1735045037.000;	    err32
20241224;	135722;	1735045042.000;	    err32
20241224;	135727;	1735045047.000;	    err32
20241224;	135732;	1735045052.000;	    err32
20241224;	135737;	1735045057.000;	    err32
20241224;	135742;	1735045062.000;	    err32
20241224;	135747;	1735045067.000;	    err32
20241224;	135752;	1735045072.000;	    err32
20241224;	135757;	1735045077.000;	    err32
20241224;	135802;	1735045082.000;	    err32
20241224;	135807;	1735045087.000;	    err32
20241224;	135812;	1735045092.000;	    err32
20241224;	135817;	1735045097.000;	    err32
20241224;	135822;	1735045102.000;	    err32
20241224;	135827;	1735045107.000;	    err32
20241224;	135832;	1735045112.000;	    err32
20241224;	135837;	1735045117.000;	    err32
20241224;	135842;	1735045122.000;	    err32
20241224;	135847;	1735045127.000;	    err32
20241224;	135852;	1735045132.000;	    err32
20241224;	135857;	1735045137.000;	    err32
20241224;	135902;	1735045142.000;	    err32
20241224;	135907;	1735045147.000;	    err32
20241224;	135912;	1735045152.000;	    err32
20241224;	135917;	1735045157.000;	    err32
20241224;	135922;	1735045162.000;	    err32
20241224;	135927;	1735045167.000;	    err32
20241224;	135932;	1735045172.000;	    err32
20241224;	135937;	1735045177.000;	    err32
20241224;	135942;	1735045182.000;	    err32
20241224;	135947;	1735045187.000;	    err32
20241224;	135952;	1735045192.000;	    err32
20241224;	135957;	1735045197.000;	    err32
20241224;	140002;	1735045202.000;	    err32
20241224;	140007;	1735045207.000;	    err32
20241224;	140012;	1735045212.000;	    err32
20241224;	140017;	1735045217.000;	    err32
20241224;	140022;	1735045222.000;	    err32
20241224;	140027;	1735045227.000;	    err32
20241224;	140032;	1735045232.000;	    err32
20241224;	140037;	1735045237.000;	    err32
20241224;	140042;	1735045242.000;	    err32
20241224;	140047;	1735045247.000;	    err32
20241224;	140052;	1735045252.000;	    err32
20241224;	140057;	1735045257.000;	    err32
20241224;	140102;	1735045262.000;	    err32
20241224;	140107;	1735045267.000;	    err32
20241224;	140112;	1735045272.000;	    err32
20241224;	140117;	1735045277.000;	    err32
20241224;	140122;	1735045282.000;	    err32
20241224;	140127;	1735045287.000;	    err32
20241224;	140132;	1735045292.000;	    err32
20241224;	140137;	1735045297.000;	    err32
20241224;	140142;	1735045302.000;	    err32
20241224;	140147;	1735045307.000;	    err32
20241224;	140152;	1735045312.000;	    err32
20241224;	140157;	1735045317.000;	    err32
20241224;	140202;	1735045322.000;	    err32
20241224;	140207;	1735045327.000;	    err32
20241224;	140212;	1735045332.000;	    err32
20241224;	140217;	1735045337.000;	    err32
20241224;	140222;	1735045342.000;	    err32
20241224;	140227;	1735045347.000;	    err32
20241224;	140232;	1735045352.000;	    err32
20241224;	140237;	1735045357.000;	    err32
20241224;	140242;	1735045362.000;	    err32
20241224;	140247;	1735045367.000;	    err32
20241224;	140252;	1735045372.000;	    err32
20241224;	140257;	1735045377.000;	    err32
20241224;	140302;	1735045382.000;	    err32
20241224;	140307;	1735045387.000;	    err32
20241224;	140312;	1735045392.000;	   +0.695
20241224;	140317;	1735045397.000;	   +0.180
20241224;	140322;	1735045402.000;	   +0.077
20241224;	140327;	1735045407.000;	   +0.108
20241224;	140332;	1735045412.000;	   +0.000
20241224;	140337;	1735045417.000;	   +0.132
20241224;	140342;	1735045422.000;	   +0.105
20241224;	140347;	1735045427.000;	   +0.094
20241224;	140352;	1735045432.000;	   +0.124
20241224;	140357;	1735045437.000;	   +0.080
20241224;	140402;	1735045442.000;	   +0.095
20241224;	140407;	1735045447.000;	   +0.101
20241224;	140412;	1735045452.000;	   +0.085
20241224;	140417;	1735045457.000;	   +0.088
20241224;	140422;	1735045462.000;	   +0.095
20241224;	140427;	1735045467.000;	   +0.099
20241224;	140432;	1735045472.000;	   +0.087
