#ies_format_version: 1.0
#file: 20241212_5000_2000.dat
#file_info: generated by AsciiLoger of OpenMUC
#timezone: + 1
#timestep_sec: 5.0
#col_no;	col_name;	confidential;	measured;	unit;	category;	comment
#001;	YYYYMMDD;	FALSE;	FALSE;	0;	time;	INTEGER,8. Date [human readable]
#002;	hhmmss;	FALSE;	FALSE;	0;	time;	SHORT,6. Time [human readable]
#003;	unixtimestamp;	FALSE;	FALSE;	s;	time;	DOUBLE,14. lapsed seconds from 01-01-1970
#004;	power_self_consumption;	FALSE;	TRUE;	kW;	other;	DOUBLE,9. test
YYYYMMDD;	hhmmss;	unixtimestamp;	power_self_consumption
20241212;	115432;	1734000872.000;	     err7
20241212;	115437;	1734000877.000;	   +0.642
20241212;	115442;	1734000882.000;	   +0.675
20241212;	115447;	1734000887.000;	   +0.000
20241212;	115452;	1734000892.000;	   +0.927
20241212;	115457;	1734000897.000;	   +0.277
20241212;	115502;	1734000902.000;	   +0.547
20241212;	115507;	1734000907.000;	   +0.258
20241212;	115512;	1734000912.000;	   +0.619
20241212;	115517;	1734000917.000;	   +0.225
20241212;	115522;	1734000922.000;	   +0.211
20241212;	115527;	1734000927.000;	   +0.211
20241212;	115532;	1734000932.000;	   +0.208
20241212;	115537;	1734000937.000;	   +0.217
20241212;	115542;	1734000942.000;	   +0.237
20241212;	115547;	1734000947.000;	   +0.138
20241212;	115552;	1734000952.000;	   +0.000
20241212;	115557;	1734000957.000;	   +0.000
20241212;	115602;	1734000962.000;	   +0.171
20241212;	115607;	1734000967.000;	   +0.071
20241212;	115612;	1734000972.000;	   +0.650
20241212;	115617;	1734000977.000;	   +0.000
20241212;	115622;	1734000982.000;	   +0.401
20241212;	115627;	1734000987.000;	   +0.000
20241212;	115632;	1734000992.000;	   +0.130
20241212;	115637;	1734000997.000;	   +0.139
20241212;	115642;	1734001002.000;	   +0.152
20241212;	115647;	1734001007.000;	   +0.000
20241212;	115652;	1734001012.000;	   +0.167
20241212;	115657;	1734001017.000;	   +0.167
20241212;	115702;	1734001022.000;	   +0.122
20241212;	115707;	1734001027.000;	   +0.100
20241212;	115712;	1734001032.000;	   +1.876
20241212;	115717;	1734001037.000;	   +0.000
20241212;	115722;	1734001042.000;	   +0.000
20241212;	115727;	1734001047.000;	   +0.000
20241212;	115732;	1734001052.000;	   +0.150
20241212;	115737;	1734001057.000;	   +0.273
20241212;	115742;	1734001062.000;	   +0.000
20241212;	115747;	1734001067.000;	   +0.083
20241212;	115752;	1734001072.000;	   +0.098
20241212;	115757;	1734001077.000;	   +0.111
20241212;	115802;	1734001082.000;	   +0.128
20241212;	115807;	1734001087.000;	   +0.121
20241212;	115812;	1734001092.000;	   +0.126
20241212;	115817;	1734001097.000;	   +0.129
20241212;	115822;	1734001102.000;	   +0.132
20241212;	115827;	1734001107.000;	   +0.141
20241212;	115832;	1734001112.000;	   +0.156
20241212;	115837;	1734001117.000;	   +0.000
20241212;	115842;	1734001122.000;	   +0.126
20241212;	115847;	1734001127.000;	   +0.132
20241212;	115852;	1734001132.000;	   +0.238
20241212;	115857;	1734001137.000;	   +0.087
20241212;	115902;	1734001142.000;	   +0.113
20241212;	115907;	1734001147.000;	   +0.120
20241212;	115912;	1734001152.000;	   +0.153
20241212;	115917;	1734001157.000;	   +0.173
20241212;	115922;	1734001162.000;	   +0.000
20241212;	115927;	1734001167.000;	   +0.121
20241212;	115932;	1734001172.000;	   +0.148
20241212;	115937;	1734001177.000;	   +0.210
20241212;	115942;	1734001182.000;	   +0.148
20241212;	115947;	1734001187.000;	   +0.413
20241212;	115952;	1734001192.000;	   +0.012
20241212;	115957;	1734001197.000;	   +0.195
20241212;	120002;	1734001202.000;	   +0.000
20241212;	120007;	1734001207.000;	   +0.000
20241212;	120012;	1734001212.000;	   +0.100
20241212;	120017;	1734001217.000;	   +0.000
20241212;	120022;	1734001222.000;	   +0.000
20241212;	120027;	1734001227.000;	   +0.098
20241212;	120032;	1734001232.000;	   +0.129
20241212;	120037;	1734001237.000;	   +0.134
20241212;	120042;	1734001242.000;	   +0.081
20241212;	120047;	1734001247.000;	   +0.115
20241212;	120052;	1734001252.000;	   +0.121
20241212;	120057;	1734001257.000;	   +0.121
20241212;	120102;	1734001262.000;	   +0.120
20241212;	120107;	1734001267.000;	   +0.122
20241212;	120112;	1734001272.000;	   +0.130
20241212;	120117;	1734001277.000;	   +0.140
20241212;	120122;	1734001282.000;	   +0.141
20241212;	120127;	1734001287.000;	   +0.222
20241212;	120132;	1734001292.000;	   +0.566
20241212;	120137;	1734001297.000;	   +1.658
20241212;	120142;	1734001302.000;	   +0.114
20241212;	120147;	1734001307.000;	   +0.131
20241212;	120152;	1734001312.000;	   +0.144
20241212;	120157;	1734001317.000;	   +0.102
20241212;	120202;	1734001322.000;	   +0.137
20241212;	120207;	1734001327.000;	   +0.132
20241212;	120212;	1734001332.000;	   +0.143
20241212;	120217;	1734001337.000;	   +0.135
20241212;	120222;	1734001342.000;	   +0.147
20241212;	120227;	1734001347.000;	   +0.133
20241212;	120232;	1734001352.000;	   +0.138
20241212;	120237;	1734001357.000;	   +0.216
20241212;	120242;	1734001362.000;	   +0.120
20241212;	120247;	1734001367.000;	   +0.206
20241212;	120252;	1734001372.000;	   +0.000
20241212;	120257;	1734001377.000;	   +0.385
20241212;	120302;	1734001382.000;	   +0.000
20241212;	120307;	1734001387.000;	   +0.145
20241212;	120312;	1734001392.000;	   +0.000
20241212;	120317;	1734001397.000;	   +0.000
20241212;	120322;	1734001402.000;	   +0.075
20241212;	120327;	1734001407.000;	   +0.133
20241212;	120332;	1734001412.000;	   +0.106
20241212;	120337;	1734001417.000;	   +0.112
20241212;	120342;	1734001422.000;	   +0.128
20241212;	120347;	1734001427.000;	   +0.123
20241212;	120352;	1734001432.000;	   +0.129
20241212;	120357;	1734001437.000;	   +0.132
20241212;	120402;	1734001442.000;	   +0.139
20241212;	120407;	1734001447.000;	   +0.137
20241212;	120412;	1734001452.000;	   +0.143
20241212;	120417;	1734001457.000;	   +0.157
20241212;	120422;	1734001462.000;	   +2.484
20241212;	120427;	1734001467.000;	   +0.000
20241212;	120432;	1734001472.000;	   +0.256
20241212;	120437;	1734001477.000;	   +0.000
20241212;	120442;	1734001482.000;	   +0.000
20241212;	120447;	1734001487.000;	   +0.000
20241212;	120452;	1734001492.000;	   +0.020
20241212;	120457;	1734001497.000;	   +0.090
20241212;	120502;	1734001502.000;	   +0.116
20241212;	120507;	1734001507.000;	   +0.123
20241212;	120512;	1734001512.000;	   +0.125
20241212;	120517;	1734001517.000;	   +0.129
20241212;	120522;	1734001522.000;	   +0.132
20241212;	120527;	1734001527.000;	   +0.137
20241212;	120532;	1734001532.000;	   +0.133
20241212;	120537;	1734001537.000;	   +0.129
20241212;	120542;	1734001542.000;	   +0.131
20241212;	120547;	1734001547.000;	   +0.131
20241212;	120552;	1734001552.000;	   +0.134
20241212;	120557;	1734001557.000;	   +0.136
20241212;	120602;	1734001562.000;	   +0.133
20241212;	120607;	1734001567.000;	   +0.138
20241212;	120612;	1734001572.000;	   +0.151
20241212;	120617;	1734001577.000;	   +0.000
20241212;	120622;	1734001582.000;	   +0.149
20241212;	120627;	1734001587.000;	   +0.162
20241212;	120632;	1734001592.000;	   +0.142
20241212;	120637;	1734001597.000;	   +0.389
20241212;	120642;	1734001602.000;	   +0.000
20241212;	120647;	1734001607.000;	   +0.000
20241212;	120652;	1734001612.000;	   +0.392
20241212;	120657;	1734001617.000;	   +0.063
20241212;	120702;	1734001622.000;	   +0.738
20241212;	120707;	1734001627.000;	   +0.000
20241212;	120712;	1734001632.000;	   +0.328
20241212;	120717;	1734001637.000;	   +0.300
20241212;	120722;	1734001642.000;	   +0.498
20241212;	120727;	1734001647.000;	   +1.300
20241212;	120732;	1734001652.000;	   +1.418
20241212;	120737;	1734001657.000;	   +1.459
20241212;	120742;	1734001662.000;	   +1.009
20241212;	120747;	1734001667.000;	   +0.241
20241212;	120752;	1734001672.000;	   +0.483
20241212;	120757;	1734001677.000;	   +0.346
20241212;	120802;	1734001682.000;	   +0.379
20241212;	120807;	1734001687.000;	   +0.452
20241212;	120812;	1734001692.000;	   +0.267
20241212;	120817;	1734001697.000;	   +0.570
20241212;	120822;	1734001702.000;	   +0.240
20241212;	120827;	1734001707.000;	   +0.513
20241212;	120832;	1734001712.000;	   +0.375
20241212;	120837;	1734001717.000;	   +0.414
20241212;	120842;	1734001722.000;	   +1.797
20241212;	120847;	1734001727.000;	   +0.000
20241212;	120852;	1734001732.000;	   +0.407
20241212;	120857;	1734001737.000;	   +0.186
20241212;	120902;	1734001742.000;	   +0.470
20241212;	120907;	1734001747.000;	   +0.324
20241212;	120912;	1734001752.000;	   +0.351
20241212;	120917;	1734001757.000;	   +0.439
20241212;	120922;	1734001762.000;	   +0.204
20241212;	120927;	1734001767.000;	   +0.512
20241212;	120932;	1734001772.000;	   +0.182
20241212;	120937;	1734001777.000;	   +0.441
20241212;	120942;	1734001782.000;	   +0.302
20241212;	120947;	1734001787.000;	   +0.356
20241212;	120952;	1734001792.000;	   +0.000
20241212;	120957;	1734001797.000;	   +0.000
20241212;	121002;	1734001802.000;	   +0.502
20241212;	121007;	1734001807.000;	   +0.511
20241212;	121012;	1734001812.000;	   +1.087
20241212;	121017;	1734001817.000;	   +1.060
20241212;	121022;	1734001822.000;	   +1.446
20241212;	121027;	1734001827.000;	   +0.000
20241212;	121032;	1734001832.000;	   +0.218
20241212;	121037;	1734001837.000;	   +0.508
20241212;	121042;	1734001842.000;	   +0.150
20241212;	121047;	1734001847.000;	   +0.454
20241212;	121052;	1734001852.000;	   +0.182
20241212;	121057;	1734001857.000;	   +0.874
20241212;	121102;	1734001862.000;	   +0.337
20241212;	121107;	1734001867.000;	   +0.138
20241212;	121112;	1734001872.000;	   +0.493
20241212;	121117;	1734001877.000;	   +0.254
20241212;	121122;	1734001882.000;	   +0.429
20241212;	121127;	1734001887.000;	   +0.313
20241212;	121132;	1734001892.000;	   +0.313
20241212;	121137;	1734001897.000;	   +0.389
20241212;	121142;	1734001902.000;	   +0.210
20241212;	121147;	1734001907.000;	   +0.530
20241212;	121152;	1734001912.000;	   +0.183
20241212;	121157;	1734001917.000;	   +0.463
20241212;	121202;	1734001922.000;	   +0.254
20241212;	121207;	1734001927.000;	   +0.364
20241212;	121212;	1734001932.000;	   +0.163
20241212;	121217;	1734001937.000;	   +0.000
20241212;	121222;	1734001942.000;	   +0.444
20241212;	121227;	1734001947.000;	   +0.158
20241212;	121232;	1734001952.000;	   +0.421
20241212;	121237;	1734001957.000;	   +0.323
20241212;	121242;	1734001962.000;	   +0.591
20241212;	121247;	1734001967.000;	   +0.074
20241212;	121252;	1734001972.000;	   +0.000
20241212;	121257;	1734001977.000;	   +0.460
20241212;	121302;	1734001982.000;	   +0.184
20241212;	121307;	1734001987.000;	   +0.000
20241212;	121312;	1734001992.000;	   +0.229
20241212;	121317;	1734001997.000;	   +0.348
20241212;	121322;	1734002002.000;	   +3.180
20241212;	121327;	1734002007.000;	   +0.000
20241212;	121332;	1734002012.000;	   +3.140
20241212;	121337;	1734002017.000;	   +1.218
20241212;	121342;	1734002022.000;	   +0.476
20241212;	121347;	1734002027.000;	   +0.231
20241212;	121352;	1734002032.000;	   +0.333
20241212;	121357;	1734002037.000;	   +0.393
20241212;	121402;	1734002042.000;	   +0.199
20241212;	121407;	1734002047.000;	   +0.233
20241212;	121412;	1734002052.000;	   +0.000
20241212;	121417;	1734002057.000;	   +0.388
20241212;	121422;	1734002062.000;	   +0.319
20241212;	121427;	1734002067.000;	   +0.288
20241212;	121432;	1734002072.000;	   +0.396
20241212;	121437;	1734002077.000;	   +0.064
20241212;	121442;	1734002082.000;	   +0.520
20241212;	121447;	1734002087.000;	   +0.261
20241212;	121452;	1734002092.000;	   +0.523
20241212;	121457;	1734002097.000;	   +0.291
20241212;	121502;	1734002102.000;	   +0.253
20241212;	121507;	1734002107.000;	   +0.652
20241212;	121512;	1734002112.000;	   +0.177
20241212;	121517;	1734002117.000;	   +1.187
20241212;	121522;	1734002122.000;	   +1.842
20241212;	121527;	1734002127.000;	   +0.490
20241212;	121532;	1734002132.000;	   +0.000
20241212;	121537;	1734002137.000;	   +0.310
20241212;	121542;	1734002142.000;	   +0.530
20241212;	121547;	1734002147.000;	   +0.000
20241212;	121552;	1734002152.000;	   +0.000
20241212;	121557;	1734002157.000;	   +0.342
20241212;	121602;	1734002162.000;	   +0.470
20241212;	121607;	1734002167.000;	   +2.323
20241212;	121612;	1734002172.000;	   +0.748
20241212;	121617;	1734002177.000;	   +0.000
20241212;	121622;	1734002182.000;	   +0.000
20241212;	121627;	1734002187.000;	   +0.158
20241212;	121632;	1734002192.000;	   +0.180
20241212;	121637;	1734002197.000;	   +0.051
20241212;	121642;	1734002202.000;	   +0.123
20241212;	121647;	1734002207.000;	   +0.084
20241212;	121652;	1734002212.000;	   +0.129
20241212;	121657;	1734002217.000;	   +0.126
20241212;	121702;	1734002222.000;	   +0.000
20241212;	121707;	1734002227.000;	   +0.145
20241212;	121712;	1734002232.000;	   +0.272
20241212;	121717;	1734002237.000;	   +0.340
20241212;	121722;	1734002242.000;	   +0.207
20241212;	121727;	1734002247.000;	   +0.000
20241212;	121732;	1734002252.000;	   +0.115
20241212;	121737;	1734002257.000;	   +0.212
20241212;	121742;	1734002262.000;	   +0.130
20241212;	121747;	1734002267.000;	   +0.178
20241212;	121752;	1734002272.000;	   +0.163
20241212;	121757;	1734002277.000;	   +0.172
20241212;	121802;	1734002282.000;	   +0.168
20241212;	121807;	1734002287.000;	   +0.174
20241212;	121812;	1734002292.000;	   +0.198
20241212;	121817;	1734002297.000;	   +0.143
20241212;	121822;	1734002302.000;	   +0.167
20241212;	121827;	1734002307.000;	   +0.161
20241212;	121832;	1734002312.000;	   +0.141
20241212;	121837;	1734002317.000;	   +0.148
20241212;	121842;	1734002322.000;	   +0.148
20241212;	121847;	1734002327.000;	   +0.151
20241212;	121852;	1734002332.000;	   +0.159
20241212;	121857;	1734002337.000;	   +0.155
20241212;	121902;	1734002342.000;	   +0.140
20241212;	121907;	1734002347.000;	   +0.157
20241212;	121912;	1734002352.000;	   +0.159
20241212;	121917;	1734002357.000;	   +0.166
20241212;	121922;	1734002362.000;	   +0.171
20241212;	121927;	1734002367.000;	   +0.151
20241212;	121932;	1734002372.000;	   +0.153
20241212;	121937;	1734002377.000;	   +0.113
20241212;	121942;	1734002382.000;	   +0.032
20241212;	121947;	1734002387.000;	   +0.137
20241212;	121952;	1734002392.000;	   +0.153
20241212;	121957;	1734002397.000;	   +0.161
20241212;	122002;	1734002402.000;	   +0.167
20241212;	122007;	1734002407.000;	   +0.176
20241212;	122012;	1734002412.000;	   +0.140
20241212;	122017;	1734002417.000;	   +0.212
20241212;	122022;	1734002422.000;	   +0.176
20241212;	122027;	1734002427.000;	   +0.555
20241212;	122032;	1734002432.000;	   +0.255
20241212;	122037;	1734002437.000;	   +0.000
20241212;	122042;	1734002442.000;	   +0.273
20241212;	122047;	1734002447.000;	   +0.344
20241212;	122052;	1734002452.000;	   +0.229
20241212;	122057;	1734002457.000;	   +0.170
20241212;	122102;	1734002462.000;	   +0.194
20241212;	122107;	1734002467.000;	   +0.175
20241212;	122112;	1734002472.000;	   +0.156
20241212;	122117;	1734002477.000;	   +0.157
20241212;	122122;	1734002482.000;	   +0.157
20241212;	122127;	1734002487.000;	   +0.148
20241212;	122132;	1734002492.000;	   +0.161
20241212;	122137;	1734002497.000;	   +0.165
20241212;	122142;	1734002502.000;	   +0.178
20241212;	122147;	1734002507.000;	   +0.156
20241212;	122152;	1734002512.000;	   +0.154
20241212;	122157;	1734002517.000;	   +0.164
20241212;	122202;	1734002522.000;	   +0.159
20241212;	122207;	1734002527.000;	   +0.177
20241212;	122212;	1734002532.000;	   +0.161
20241212;	122217;	1734002537.000;	   +0.150
20241212;	122222;	1734002542.000;	   +0.159
20241212;	122227;	1734002547.000;	   +0.161
20241212;	122232;	1734002552.000;	   +0.162
20241212;	122237;	1734002557.000;	   +0.170
20241212;	122242;	1734002562.000;	   +0.153
20241212;	122247;	1734002567.000;	   +0.158
20241212;	122252;	1734002572.000;	   +0.160
20241212;	122257;	1734002577.000;	   +0.165
20241212;	122302;	1734002582.000;	   +0.165
20241212;	122307;	1734002587.000;	   +0.165
20241212;	122312;	1734002592.000;	   +0.155
20241212;	122317;	1734002597.000;	   +0.168
20241212;	122322;	1734002602.000;	   +0.171
20241212;	122327;	1734002607.000;	   +0.161
20241212;	122332;	1734002612.000;	   +0.175
20241212;	122337;	1734002617.000;	   +0.146
20241212;	122342;	1734002622.000;	   +0.133
20241212;	122347;	1734002627.000;	   +0.142
20241212;	122352;	1734002632.000;	   +0.146
20241212;	122357;	1734002637.000;	   +0.147
20241212;	122402;	1734002642.000;	   +0.156
20241212;	122407;	1734002647.000;	   +0.006
20241212;	122412;	1734002652.000;	   +0.184
20241212;	122417;	1734002657.000;	   +0.143
20241212;	122422;	1734002662.000;	   +0.145
20241212;	122427;	1734002667.000;	   +0.128
20241212;	122432;	1734002672.000;	   +0.143
20241212;	122437;	1734002677.000;	   +0.137
20241212;	122442;	1734002682.000;	   +0.144
20241212;	122447;	1734002687.000;	   +0.152
20241212;	122452;	1734002692.000;	   +0.159
20241212;	122457;	1734002697.000;	   +0.149
20241212;	122502;	1734002702.000;	   +0.142
20241212;	122507;	1734002707.000;	   +0.147
20241212;	122512;	1734002712.000;	   +0.246
20241212;	122517;	1734002717.000;	   +0.149
20241212;	122522;	1734002722.000;	   +0.150
20241212;	122527;	1734002727.000;	   +0.156
20241212;	122532;	1734002732.000;	   +0.149
20241212;	122537;	1734002737.000;	   +0.163
20241212;	122542;	1734002742.000;	   +0.195
20241212;	122547;	1734002747.000;	   +0.105
20241212;	122552;	1734002752.000;	   +0.179
20241212;	122557;	1734002757.000;	   +0.162
20241212;	122602;	1734002762.000;	   +0.165
20241212;	122607;	1734002767.000;	   +0.167
20241212;	122612;	1734002772.000;	   +0.156
20241212;	122617;	1734002777.000;	   +0.166
20241212;	122622;	1734002782.000;	   +0.156
20241212;	122627;	1734002787.000;	   +0.137
20241212;	122632;	1734002792.000;	   +2.642
20241212;	122637;	1734002797.000;	   +2.632
20241212;	122642;	1734002802.000;	   +2.620
20241212;	122647;	1734002807.000;	   +2.617
20241212;	122652;	1734002812.000;	   +2.598
20241212;	122657;	1734002817.000;	   +2.117
20241212;	122702;	1734002822.000;	   +3.906
20241212;	122707;	1734002827.000;	   +3.971
20241212;	122712;	1734002832.000;	   +3.994
20241212;	122717;	1734002837.000;	   +3.223
20241212;	122722;	1734002842.000;	   +3.563
20241212;	122727;	1734002847.000;	   +4.531
20241212;	122732;	1734002852.000;	   +4.092
20241212;	122737;	1734002857.000;	   +3.945
20241212;	122742;	1734002862.000;	   +3.991
20241212;	122747;	1734002867.000;	   +3.937
20241212;	122752;	1734002872.000;	   +3.955
20241212;	122757;	1734002877.000;	   +3.930
20241212;	122802;	1734002882.000;	   +3.942
20241212;	122807;	1734002887.000;	   +3.943
20241212;	122812;	1734002892.000;	   +3.951
20241212;	122817;	1734002897.000;	   +3.931
20241212;	122822;	1734002902.000;	   +3.951
20241212;	122827;	1734002907.000;	   +3.943
20241212;	122832;	1734002912.000;	   +2.838
20241212;	122837;	1734002917.000;	   +3.007
20241212;	122842;	1734002922.000;	   +2.754
20241212;	122847;	1734002927.000;	   +2.999
20241212;	122852;	1734002932.000;	   +2.773
20241212;	122857;	1734002937.000;	   +2.934
20241212;	122902;	1734002942.000;	   +2.881
20241212;	122907;	1734002947.000;	   +2.844
20241212;	122912;	1734002952.000;	   +2.998
20241212;	122917;	1734002957.000;	   +2.746
20241212;	122922;	1734002962.000;	   +3.013
20241212;	122927;	1734002967.000;	   +2.753
20241212;	122932;	1734002972.000;	   +2.961
20241212;	122937;	1734002977.000;	   +2.877
20241212;	122942;	1734002982.000;	   +2.814
20241212;	122947;	1734002987.000;	   +2.947
20241212;	122952;	1734002992.000;	   +2.834
20241212;	122957;	1734002997.000;	   +2.978
20241212;	123002;	1734003002.000;	   +2.694
20241212;	123007;	1734003007.000;	   +2.943
20241212;	123012;	1734003012.000;	   +2.878
20241212;	123017;	1734003017.000;	   +2.834
20241212;	123022;	1734003022.000;	   +2.976
20241212;	123027;	1734003027.000;	   +2.753
20241212;	123032;	1734003032.000;	   +3.002
20241212;	123037;	1734003037.000;	   +2.748
20241212;	123042;	1734003042.000;	   +2.933
20241212;	123047;	1734003047.000;	   +2.860
20241212;	123052;	1734003052.000;	   +2.822
20241212;	123057;	1734003057.000;	   +2.996
20241212;	123102;	1734003062.000;	   +2.748
20241212;	123107;	1734003067.000;	   +2.975
20241212;	123112;	1734003072.000;	   +2.937
20241212;	123117;	1734003077.000;	   +1.994
20241212;	123122;	1734003082.000;	   +3.888
20241212;	123127;	1734003087.000;	   +2.793
20241212;	123132;	1734003092.000;	   +2.125
20241212;	123137;	1734003097.000;	   +1.692
20241212;	123142;	1734003102.000;	   +3.501
20241212;	123147;	1734003107.000;	   +2.912
20241212;	123152;	1734003112.000;	   +2.927
20241212;	123157;	1734003117.000;	   +2.855
20241212;	123202;	1734003122.000;	   +2.814
20241212;	123207;	1734003127.000;	   +2.959
20241212;	123212;	1734003132.000;	   +2.740
20241212;	123217;	1734003137.000;	   +2.970
20241212;	123222;	1734003142.000;	   +2.942
20241212;	123227;	1734003147.000;	   +2.912
20241212;	123232;	1734003152.000;	   +2.843
20241212;	123237;	1734003157.000;	   +2.797
20241212;	123242;	1734003162.000;	   +2.961
20241212;	123247;	1734003167.000;	   +2.599
20241212;	123252;	1734003172.000;	   +2.973
20241212;	123257;	1734003177.000;	   +2.718
20241212;	123302;	1734003182.000;	   +2.904
20241212;	123307;	1734003187.000;	   +2.870
20241212;	123312;	1734003192.000;	   +2.791
20241212;	123317;	1734003197.000;	   +2.978
20241212;	123322;	1734003202.000;	   +2.724
20241212;	123327;	1734003207.000;	   +2.984
20241212;	123332;	1734003212.000;	   +2.744
20241212;	123337;	1734003217.000;	   +2.901
20241212;	123342;	1734003222.000;	   +2.874
20241212;	123347;	1734003227.000;	   +2.809
20241212;	123352;	1734003232.000;	   +2.969
20241212;	123357;	1734003237.000;	   +2.772
20241212;	123402;	1734003242.000;	   +3.055
20241212;	123407;	1734003247.000;	   +2.742
20241212;	123412;	1734003252.000;	   +2.955
20241212;	123417;	1734003257.000;	   +2.845
20241212;	123422;	1734003262.000;	   +2.803
20241212;	123427;	1734003267.000;	   +2.437
20241212;	123432;	1734003272.000;	   +1.753
20241212;	123437;	1734003277.000;	   +2.535
20241212;	123442;	1734003282.000;	   +2.677
20241212;	123447;	1734003287.000;	   +0.987
20241212;	123452;	1734003292.000;	   +0.000
20241212;	123457;	1734003297.000;	   +0.394
20241212;	123502;	1734003302.000;	   +0.191
20241212;	123507;	1734003307.000;	   +3.459
20241212;	123512;	1734003312.000;	   +1.409
20241212;	123517;	1734003317.000;	   +0.482
20241212;	123522;	1734003322.000;	   +0.000
20241212;	123527;	1734003327.000;	   +0.000
20241212;	123532;	1734003332.000;	   +0.076
20241212;	123537;	1734003337.000;	   +0.651
20241212;	123542;	1734003342.000;	   +2.450
20241212;	123547;	1734003347.000;	   +2.478
20241212;	123552;	1734003352.000;	   +2.832
20241212;	123557;	1734003357.000;	   +3.922
20241212;	123602;	1734003362.000;	   +2.414
20241212;	123607;	1734003367.000;	   +3.383
20241212;	123612;	1734003372.000;	   +2.541
20241212;	123617;	1734003377.000;	   +2.523
20241212;	123622;	1734003382.000;	   +2.533
20241212;	123627;	1734003387.000;	   +1.607
20241212;	123632;	1734003392.000;	   +3.010
20241212;	123637;	1734003397.000;	   +2.559
20241212;	123642;	1734003402.000;	   +2.505
20241212;	123647;	1734003407.000;	   +2.531
20241212;	123652;	1734003412.000;	   +1.263
20241212;	123657;	1734003417.000;	   +3.351
20241212;	123702;	1734003422.000;	   +0.196
20241212;	123707;	1734003427.000;	   +0.124
20241212;	123712;	1734003432.000;	   +0.511
20241212;	123717;	1734003437.000;	   +0.192
20241212;	123722;	1734003442.000;	   +0.212
20241212;	123727;	1734003447.000;	   +0.204
20241212;	123732;	1734003452.000;	   +0.212
20241212;	123737;	1734003457.000;	   +0.203
20241212;	123742;	1734003462.000;	   +0.210
20241212;	123747;	1734003467.000;	   +0.208
20241212;	123752;	1734003472.000;	   +0.229
20241212;	123757;	1734003477.000;	   +0.216
20241212;	123802;	1734003482.000;	   +0.193
20241212;	123807;	1734003487.000;	   +0.695
20241212;	123812;	1734003492.000;	   +2.482
20241212;	123817;	1734003497.000;	   +2.470
20241212;	123822;	1734003502.000;	   +2.475
20241212;	123827;	1734003507.000;	   +2.477
20241212;	123832;	1734003512.000;	   +2.489
20241212;	123837;	1734003517.000;	   +2.492
20241212;	123842;	1734003522.000;	   +2.493
20241212;	123847;	1734003527.000;	   +3.981
20241212;	123852;	1734003532.000;	   +3.933
20241212;	123857;	1734003537.000;	   +3.969
20241212;	123902;	1734003542.000;	   +3.933
20241212;	123907;	1734003547.000;	   +3.967
20241212;	123912;	1734003552.000;	   +3.983
20241212;	123917;	1734003557.000;	   +1.776
20241212;	123922;	1734003562.000;	   +1.748
20241212;	123927;	1734003567.000;	   +1.764
20241212;	123932;	1734003572.000;	   +1.770
20241212;	123937;	1734003577.000;	   +1.774
20241212;	123942;	1734003582.000;	   +1.797
20241212;	123947;	1734003587.000;	   +1.770
20241212;	123952;	1734003592.000;	   +1.753
20241212;	123957;	1734003597.000;	   +1.771
20241212;	124002;	1734003602.000;	   +1.769
20241212;	124007;	1734003607.000;	   +1.774
20241212;	124012;	1734003612.000;	   +1.780
20241212;	124017;	1734003617.000;	   +1.761
20241212;	124022;	1734003622.000;	   +1.762
20241212;	124027;	1734003627.000;	   +1.764
20241212;	124032;	1734003632.000;	   +3.603
20241212;	124037;	1734003637.000;	   +3.977
20241212;	124042;	1734003642.000;	   +3.980
20241212;	124047;	1734003647.000;	   +3.959
20241212;	124052;	1734003652.000;	   +3.959
20241212;	124057;	1734003657.000;	   +3.972
20241212;	124102;	1734003662.000;	   +3.978
20241212;	124107;	1734003667.000;	   +3.981
20241212;	124112;	1734003672.000;	   +3.975
20241212;	124117;	1734003677.000;	   +3.958
20241212;	124122;	1734003682.000;	   +3.975
20241212;	124127;	1734003687.000;	   +3.959
20241212;	124132;	1734003692.000;	   +3.975
20241212;	124137;	1734003697.000;	   +1.778
20241212;	124142;	1734003702.000;	   +1.762
20241212;	124147;	1734003707.000;	   +1.761
20241212;	124152;	1734003712.000;	   +1.769
20241212;	124157;	1734003717.000;	   +1.768
20241212;	124202;	1734003722.000;	   +1.772
20241212;	124207;	1734003727.000;	   +1.773
20241212;	124212;	1734003732.000;	   +1.771
20241212;	124217;	1734003737.000;	   +1.765
20241212;	124222;	1734003742.000;	   +1.767
20241212;	124227;	1734003747.000;	   +1.764
20241212;	124232;	1734003752.000;	   +1.793
20241212;	124237;	1734003757.000;	   +1.767
20241212;	124242;	1734003762.000;	   +1.758
20241212;	124247;	1734003767.000;	   +1.777
20241212;	124252;	1734003772.000;	   +1.770
20241212;	124257;	1734003777.000;	   +3.282
20241212;	124302;	1734003782.000;	   +4.008
20241212;	124307;	1734003787.000;	   +3.997
20241212;	124312;	1734003792.000;	   +3.999
20241212;	124317;	1734003797.000;	   +3.999
20241212;	124322;	1734003802.000;	   +4.013
20241212;	124327;	1734003807.000;	   +4.020
20241212;	124332;	1734003812.000;	   +4.007
20241212;	124337;	1734003817.000;	   +4.008
20241212;	124342;	1734003822.000;	   +4.002
20241212;	124347;	1734003827.000;	   +4.000
20241212;	124352;	1734003832.000;	   +4.000
20241212;	124357;	1734003837.000;	   +1.822
20241212;	124402;	1734003842.000;	   +1.813
20241212;	124407;	1734003847.000;	   +1.821
20241212;	124412;	1734003852.000;	   +1.824
20241212;	124417;	1734003857.000;	   +1.824
20241212;	124422;	1734003862.000;	   +1.837
20241212;	124427;	1734003867.000;	   +1.818
20241212;	124432;	1734003872.000;	   +1.398
20241212;	124437;	1734003877.000;	   +0.262
20241212;	124442;	1734003882.000;	   +1.314
20241212;	124447;	1734003887.000;	   +1.794
20241212;	124452;	1734003892.000;	   +1.515
20241212;	124457;	1734003897.000;	   +2.524
20241212;	124502;	1734003902.000;	   +2.231
20241212;	124507;	1734003907.000;	   +1.649
20241212;	124512;	1734003912.000;	   +2.391
20241212;	124517;	1734003917.000;	   +2.467
20241212;	124522;	1734003922.000;	   +2.587
20241212;	124527;	1734003927.000;	   +2.928
20241212;	124532;	1734003932.000;	   +3.781
20241212;	124537;	1734003937.000;	   +6.511
20241212;	124542;	1734003942.000;	   +2.646
20241212;	124547;	1734003947.000;	   +2.500
20241212;	124552;	1734003952.000;	   +2.488
20241212;	124557;	1734003957.000;	   +2.485
20241212;	124602;	1734003962.000;	   +2.503
20241212;	124607;	1734003967.000;	   +2.500
20241212;	124612;	1734003972.000;	   +2.512
20241212;	124617;	1734003977.000;	   +2.508
20241212;	124622;	1734003982.000;	   +2.491
20241212;	124627;	1734003987.000;	   +0.235
20241212;	124632;	1734003992.000;	   +0.235
20241212;	124637;	1734003997.000;	   +0.239
20241212;	124642;	1734004002.000;	   +0.239
20241212;	124647;	1734004007.000;	   +0.235
20241212;	124652;	1734004012.000;	   +0.229
20241212;	124657;	1734004017.000;	   +0.234
20241212;	124702;	1734004022.000;	   +0.237
20241212;	124707;	1734004027.000;	   +0.242
20241212;	124712;	1734004032.000;	   +0.243
20241212;	124717;	1734004037.000;	   +0.233
20241212;	124722;	1734004042.000;	   +0.237
20241212;	124727;	1734004047.000;	   +0.234
20241212;	124732;	1734004052.000;	   +0.236
20241212;	124737;	1734004057.000;	   +0.247
20241212;	124742;	1734004062.000;	   +0.229
20241212;	124747;	1734004067.000;	   +0.222
20241212;	124752;	1734004072.000;	   +0.231
20241212;	124757;	1734004077.000;	   +0.238
20241212;	124802;	1734004082.000;	   +0.242
20241212;	124807;	1734004087.000;	   +0.240
20241212;	124812;	1734004092.000;	   +2.495
20241212;	124817;	1734004097.000;	   +2.493
20241212;	124822;	1734004102.000;	   +2.491
20241212;	124827;	1734004107.000;	   +2.470
20241212;	124832;	1734004112.000;	   +2.467
20241212;	124837;	1734004117.000;	   +2.439
20241212;	124842;	1734004122.000;	   +2.441
20241212;	124847;	1734004127.000;	   +2.456
20241212;	124852;	1734004132.000;	   +2.463
20241212;	124857;	1734004137.000;	   +2.452
20241212;	124902;	1734004142.000;	   +2.472
20241212;	124907;	1734004147.000;	   +0.228
20241212;	124912;	1734004152.000;	   +0.231
20241212;	124917;	1734004157.000;	   +0.237
20241212;	124922;	1734004162.000;	   +0.240
20241212;	124927;	1734004167.000;	   +0.249
20241212;	124932;	1734004172.000;	   +0.244
20241212;	124937;	1734004177.000;	   +0.229
20241212;	124942;	1734004182.000;	   +0.240
20241212;	124947;	1734004187.000;	   +0.000
20241212;	124952;	1734004192.000;	   +0.224
20241212;	124957;	1734004197.000;	   +0.288
20241212;	125002;	1734004202.000;	   +0.237
20241212;	125007;	1734004207.000;	   +0.000
20241212;	125012;	1734004212.000;	   +0.233
20241212;	125017;	1734004217.000;	   +0.234
20241212;	125022;	1734004222.000;	   +0.238
20241212;	125027;	1734004227.000;	   +0.239
20241212;	125032;	1734004232.000;	   +0.224
20241212;	125037;	1734004237.000;	   +0.229
20241212;	125042;	1734004242.000;	   +0.211
20241212;	125047;	1734004247.000;	   +2.453
20241212;	125052;	1734004252.000;	   +2.452
20241212;	125057;	1734004257.000;	   +2.431
20241212;	125102;	1734004262.000;	   +2.411
20241212;	125107;	1734004267.000;	   +2.414
20241212;	125112;	1734004272.000;	   +2.412
20241212;	125117;	1734004277.000;	   +2.436
20241212;	125122;	1734004282.000;	   +2.444
20241212;	125127;	1734004287.000;	   +2.431
20241212;	125132;	1734004292.000;	   +2.434
20241212;	125137;	1734004297.000;	   +0.215
20241212;	125142;	1734004302.000;	   +0.210
20241212;	125147;	1734004307.000;	   +0.233
