#ies_format_version: 1.0
#file: 20241216_5000_2000.dat
#file_info: generated by AsciiLoger of OpenMUC
#timezone: + 1
#timestep_sec: 5.0
#col_no;	col_name;	confidential;	measured;	unit;	category;	comment
#001;	YYYYMMDD;	FALSE;	FALSE;	0;	time;	INTEGER,8. Date [human readable]
#002;	hhmmss;	FALSE;	FALSE;	0;	time;	SHORT,6. Time [human readable]
#003;	unixtimestamp;	FALSE;	FALSE;	s;	time;	DOUBLE,14. lapsed seconds from 01-01-1970
#004;	power_self_consumption;	FALSE;	TRUE;	kW;	other;	DOUBLE,9. test
YYYYMMDD;	hhmmss;	unixtimestamp;	power_self_consumption
20241216;	110542;	1734343542.000;	   +0.185
20241216;	110547;	1734343547.000;	   +0.085
20241216;	110552;	1734343552.000;	   +0.189
20241216;	110557;	1734343557.000;	   +0.420
20241216;	110602;	1734343562.000;	   +0.205
20241216;	110607;	1734343567.000;	   +0.088
20241216;	110612;	1734343572.000;	   +0.000
20241216;	110617;	1734343577.000;	   +0.716
20241216;	110622;	1734343582.000;	   +0.562
20241216;	110627;	1734343587.000;	   +0.000
20241216;	110632;	1734343592.000;	   +0.600
20241216;	110637;	1734343597.000;	   +0.198
20241216;	110642;	1734343602.000;	   +0.194
20241216;	110647;	1734343607.000;	   +0.219
20241216;	110652;	1734343612.000;	   +0.240
20241216;	110657;	1734343617.000;	   +0.231
20241216;	110702;	1734343622.000;	   +0.710
20241216;	110707;	1734343627.000;	   +0.000
20241216;	110712;	1734343632.000;	   +0.141
20241216;	110717;	1734343637.000;	   +0.244
20241216;	110722;	1734343642.000;	   +0.194
20241216;	110727;	1734343647.000;	   +0.229
20241216;	110732;	1734343652.000;	   +0.243
20241216;	110737;	1734343657.000;	   +0.240
20241216;	110742;	1734343662.000;	   +0.226
20241216;	110747;	1734343667.000;	   +0.216
20241216;	110752;	1734343672.000;	   +0.180
20241216;	110757;	1734343677.000;	   +0.231
20241216;	110802;	1734343682.000;	   +0.217
20241216;	110807;	1734343687.000;	   +0.178
20241216;	110812;	1734343692.000;	   +0.231
20241216;	110817;	1734343697.000;	   +0.219
20241216;	110822;	1734343702.000;	   +0.165
20241216;	110827;	1734343707.000;	   +0.129
20241216;	110832;	1734343712.000;	   +0.168
20241216;	110837;	1734343717.000;	   +0.164
20241216;	110842;	1734343722.000;	   +0.169
20241216;	110847;	1734343727.000;	   +0.171
20241216;	110852;	1734343732.000;	   +0.174
20241216;	110857;	1734343737.000;	   +0.168
20241216;	110902;	1734343742.000;	   +0.169
20241216;	110907;	1734343747.000;	   +0.167
20241216;	110912;	1734343752.000;	   +0.170
20241216;	110917;	1734343757.000;	   +0.169
20241216;	110922;	1734343762.000;	   +0.168
20241216;	110927;	1734343767.000;	   +0.173
20241216;	110932;	1734343772.000;	   +0.171
20241216;	110937;	1734343777.000;	   +0.172
20241216;	110942;	1734343782.000;	   +0.138
20241216;	110947;	1734343787.000;	   +0.138
20241216;	110952;	1734343792.000;	   +0.139
20241216;	110957;	1734343797.000;	   +0.144
20241216;	111002;	1734343802.000;	   +0.167
20241216;	111007;	1734343807.000;	   +0.184
20241216;	111012;	1734343812.000;	   +0.183
20241216;	111017;	1734343817.000;	   +0.155
20241216;	111022;	1734343822.000;	   +0.164
20241216;	111027;	1734343827.000;	   +0.129
20241216;	111032;	1734343832.000;	   +0.189
20241216;	111037;	1734343837.000;	   +0.101
20241216;	111042;	1734343842.000;	   +0.138
20241216;	111047;	1734343847.000;	   +0.138
20241216;	111052;	1734343852.000;	   +0.140
20241216;	111057;	1734343857.000;	   +0.149
20241216;	111102;	1734343862.000;	   +0.130
20241216;	111107;	1734343867.000;	   +0.000
20241216;	111112;	1734343872.000;	   +0.000
20241216;	111117;	1734343877.000;	   +0.152
20241216;	111122;	1734343882.000;	   +0.000
20241216;	111127;	1734343887.000;	   +0.000
20241216;	111132;	1734343892.000;	   +0.342
20241216;	111137;	1734343897.000;	   +0.130
20241216;	111142;	1734343902.000;	   +0.000
20241216;	111147;	1734343907.000;	   +0.097
20241216;	111152;	1734343912.000;	   +0.117
20241216;	111157;	1734343917.000;	   +0.169
20241216;	111202;	1734343922.000;	   +0.000
20241216;	111207;	1734343927.000;	   +0.059
20241216;	111212;	1734343932.000;	   +0.063
20241216;	111217;	1734343937.000;	   +0.127
20241216;	111222;	1734343942.000;	   +0.129
20241216;	111227;	1734343947.000;	   +0.128
20241216;	111232;	1734343952.000;	   +0.132
20241216;	111237;	1734343957.000;	   +0.136
20241216;	111242;	1734343962.000;	   +0.134
20241216;	111247;	1734343967.000;	   +0.121
20241216;	111252;	1734343972.000;	   +0.131
20241216;	111257;	1734343977.000;	   +0.124
20241216;	111302;	1734343982.000;	   +0.130
20241216;	111307;	1734343987.000;	   +0.130
20241216;	111312;	1734343992.000;	   +0.131
20241216;	111317;	1734343997.000;	   +0.130
20241216;	111322;	1734344002.000;	   +0.132
20241216;	111327;	1734344007.000;	   +0.137
20241216;	111332;	1734344012.000;	   +0.126
20241216;	111337;	1734344017.000;	   +0.132
20241216;	111342;	1734344022.000;	   +0.129
20241216;	111347;	1734344027.000;	   +0.128
20241216;	111352;	1734344032.000;	   +0.129
20241216;	111357;	1734344037.000;	   +0.129
20241216;	111402;	1734344042.000;	   +0.130
20241216;	111407;	1734344047.000;	   +0.128
20241216;	111412;	1734344052.000;	   +0.129
20241216;	111417;	1734344057.000;	   +0.134
20241216;	111422;	1734344062.000;	   +0.111
20241216;	111427;	1734344067.000;	   +0.057
20241216;	111432;	1734344072.000;	   +0.065
20241216;	111437;	1734344077.000;	   +0.065
20241216;	111442;	1734344082.000;	   +0.062
20241216;	111447;	1734344087.000;	   +0.064
20241216;	111452;	1734344092.000;	   +0.064
20241216;	111457;	1734344097.000;	   +0.065
20241216;	111502;	1734344102.000;	   +0.067
20241216;	111507;	1734344107.000;	   +0.066
20241216;	111512;	1734344112.000;	   +0.065
20241216;	111517;	1734344117.000;	   +0.066
20241216;	111522;	1734344122.000;	   +0.067
20241216;	111527;	1734344127.000;	   +0.068
20241216;	111532;	1734344132.000;	   +0.065
20241216;	111537;	1734344137.000;	   +0.064
20241216;	111542;	1734344142.000;	   +0.068
20241216;	111547;	1734344147.000;	   +0.068
20241216;	111552;	1734344152.000;	   +0.065
20241216;	111557;	1734344157.000;	   +0.068
20241216;	111602;	1734344162.000;	   +0.070
20241216;	111607;	1734344167.000;	   +0.066
20241216;	111612;	1734344172.000;	   +0.068
20241216;	111617;	1734344177.000;	   +0.067
20241216;	111622;	1734344182.000;	   +0.066
20241216;	111627;	1734344187.000;	   +0.067
20241216;	111632;	1734344192.000;	   +0.065
20241216;	111637;	1734344197.000;	   +0.067
20241216;	111642;	1734344202.000;	   +0.067
20241216;	111647;	1734344207.000;	   +0.066
20241216;	111652;	1734344212.000;	   +0.068
20241216;	111657;	1734344217.000;	   +0.067
20241216;	111702;	1734344222.000;	   +0.066
20241216;	111707;	1734344227.000;	   +0.065
20241216;	111712;	1734344232.000;	   +0.067
20241216;	111717;	1734344237.000;	   +0.067
20241216;	111722;	1734344242.000;	   +0.067
20241216;	111727;	1734344247.000;	   +0.067
20241216;	111732;	1734344252.000;	   +0.067
20241216;	111737;	1734344257.000;	   +0.068
20241216;	111742;	1734344262.000;	   +0.068
20241216;	111747;	1734344267.000;	   +0.069
20241216;	111752;	1734344272.000;	   +0.069
20241216;	111757;	1734344277.000;	   +0.070
20241216;	111802;	1734344282.000;	   +0.090
20241216;	111807;	1734344287.000;	   +0.050
20241216;	111812;	1734344292.000;	   +0.068
20241216;	111817;	1734344297.000;	   +0.065
20241216;	111822;	1734344302.000;	   +0.071
20241216;	111827;	1734344307.000;	   +0.069
20241216;	111832;	1734344312.000;	   +0.068
20241216;	111837;	1734344317.000;	   +0.069
20241216;	111842;	1734344322.000;	   +0.073
20241216;	111847;	1734344327.000;	   +0.069
20241216;	111852;	1734344332.000;	   +0.065
20241216;	111857;	1734344337.000;	   +0.068
20241216;	111902;	1734344342.000;	   +0.074
20241216;	111907;	1734344347.000;	   +0.067
20241216;	111912;	1734344352.000;	   +0.065
20241216;	111917;	1734344357.000;	   +0.071
20241216;	111922;	1734344362.000;	   +0.070
20241216;	111927;	1734344367.000;	   +0.060
20241216;	111932;	1734344372.000;	   +0.066
20241216;	111937;	1734344377.000;	   +0.064
20241216;	111942;	1734344382.000;	   +0.067
20241216;	111947;	1734344387.000;	   +0.062
20241216;	111952;	1734344392.000;	   +0.068
20241216;	111957;	1734344397.000;	   +0.067
20241216;	112002;	1734344402.000;	   +0.066
20241216;	112007;	1734344407.000;	   +0.073
20241216;	112012;	1734344412.000;	   +0.064
20241216;	112017;	1734344417.000;	   +0.066
20241216;	112022;	1734344422.000;	   +0.068
20241216;	112027;	1734344427.000;	   +0.069
20241216;	112032;	1734344432.000;	   +0.069
20241216;	112037;	1734344437.000;	   +0.070
20241216;	112042;	1734344442.000;	   +0.070
20241216;	112047;	1734344447.000;	   +0.069
20241216;	112052;	1734344452.000;	   +0.069
20241216;	112057;	1734344457.000;	   +0.070
20241216;	112102;	1734344462.000;	   +0.071
20241216;	112107;	1734344467.000;	   +0.068
20241216;	112112;	1734344472.000;	   +0.061
20241216;	112117;	1734344477.000;	   +0.069
20241216;	112122;	1734344482.000;	   +0.070
20241216;	112127;	1734344487.000;	   +0.074
20241216;	112132;	1734344492.000;	   +0.070
20241216;	112137;	1734344497.000;	   +0.065
20241216;	112142;	1734344502.000;	   +0.069
20241216;	112147;	1734344507.000;	   +0.069
20241216;	112152;	1734344512.000;	   +0.069
20241216;	112157;	1734344517.000;	   +0.068
20241216;	112202;	1734344522.000;	   +0.062
20241216;	112207;	1734344527.000;	   +0.071
20241216;	112212;	1734344532.000;	   +0.072
20241216;	112217;	1734344537.000;	   +0.072
20241216;	112222;	1734344542.000;	   +0.070
20241216;	112227;	1734344547.000;	   +0.077
20241216;	112232;	1734344552.000;	   +0.098
20241216;	112237;	1734344557.000;	   +0.100
20241216;	112242;	1734344562.000;	   +0.070
20241216;	112247;	1734344567.000;	   +0.211
20241216;	112252;	1734344572.000;	   +0.068
20241216;	112257;	1734344577.000;	   +0.091
20241216;	112302;	1734344582.000;	   +0.232
20241216;	112307;	1734344587.000;	   +0.000
20241216;	112312;	1734344592.000;	   +0.090
20241216;	112317;	1734344597.000;	   +0.086
20241216;	112322;	1734344602.000;	   +0.093
20241216;	112327;	1734344607.000;	   +0.000
20241216;	112332;	1734344612.000;	   +0.036
20241216;	112337;	1734344617.000;	   +0.000
20241216;	112342;	1734344622.000;	   +0.254
20241216;	112347;	1734344627.000;	   +0.073
20241216;	112352;	1734344632.000;	   +0.071
20241216;	112357;	1734344637.000;	   +0.000
20241216;	112402;	1734344642.000;	   +0.572
20241216;	112407;	1734344647.000;	   +0.185
20241216;	112412;	1734344652.000;	   +0.018
20241216;	112417;	1734344657.000;	   +0.000
20241216;	112422;	1734344662.000;	   +0.108
20241216;	112427;	1734344667.000;	   +0.231
20241216;	112432;	1734344672.000;	   +0.280
20241216;	112437;	1734344677.000;	   +0.182
20241216;	112442;	1734344682.000;	   +0.226
20241216;	112447;	1734344687.000;	   +0.213
20241216;	112452;	1734344692.000;	   +0.177
20241216;	112457;	1734344697.000;	   +0.206
20241216;	112502;	1734344702.000;	   +0.169
20241216;	112507;	1734344707.000;	   +0.173
20241216;	112512;	1734344712.000;	   +0.098
20241216;	112517;	1734344717.000;	   +0.095
20241216;	112522;	1734344722.000;	   +0.095
20241216;	112527;	1734344727.000;	   +0.097
20241216;	112532;	1734344732.000;	   +0.096
20241216;	112537;	1734344737.000;	   +0.095
20241216;	112542;	1734344742.000;	   +0.097
20241216;	112547;	1734344747.000;	   +0.094
20241216;	112552;	1734344752.000;	   +0.095
20241216;	112557;	1734344757.000;	   +0.097
20241216;	112602;	1734344762.000;	   +0.101
20241216;	112607;	1734344767.000;	   +0.091
20241216;	112612;	1734344772.000;	   +0.100
20241216;	112617;	1734344777.000;	   +0.091
20241216;	112622;	1734344782.000;	   +0.115
20241216;	112627;	1734344787.000;	   +0.077
20241216;	112632;	1734344792.000;	   +0.121
20241216;	112637;	1734344797.000;	   +0.202
20241216;	112642;	1734344802.000;	   +0.117
20241216;	112647;	1734344807.000;	   +2.205
20241216;	112652;	1734344812.000;	   +2.244
20241216;	112657;	1734344817.000;	   +2.273
20241216;	112702;	1734344822.000;	   +2.337
20241216;	112707;	1734344827.000;	   +2.239
20241216;	112712;	1734344832.000;	   +2.300
20241216;	112717;	1734344837.000;	   +2.247
20241216;	112722;	1734344842.000;	   +2.279
20241216;	112727;	1734344847.000;	   +2.248
20241216;	112732;	1734344852.000;	   +2.244
20241216;	112737;	1734344857.000;	   +2.234
20241216;	112742;	1734344862.000;	   +2.191
20241216;	112747;	1734344867.000;	   +2.276
20241216;	112752;	1734344872.000;	   +0.076
20241216;	112757;	1734344877.000;	   +0.123
20241216;	112802;	1734344882.000;	   +0.000
20241216;	112807;	1734344887.000;	   +0.087
20241216;	112812;	1734344892.000;	   +0.133
20241216;	112817;	1734344897.000;	   +0.092
20241216;	112822;	1734344902.000;	   +0.128
20241216;	112827;	1734344907.000;	   +0.045
20241216;	112832;	1734344912.000;	   +0.102
20241216;	112837;	1734344917.000;	   +0.102
20241216;	112842;	1734344922.000;	   +0.000
20241216;	112847;	1734344927.000;	   +0.429
20241216;	112852;	1734344932.000;	   +0.072
20241216;	112857;	1734344937.000;	   +0.102
20241216;	112902;	1734344942.000;	   +0.127
20241216;	112907;	1734344947.000;	   +0.026
20241216;	112912;	1734344952.000;	   +0.146
20241216;	112917;	1734344957.000;	   +0.087
20241216;	112922;	1734344962.000;	   +0.123
20241216;	112927;	1734344967.000;	   +0.068
20241216;	112932;	1734344972.000;	   +0.059
20241216;	112937;	1734344977.000;	   +0.129
20241216;	112942;	1734344982.000;	   +0.101
20241216;	112947;	1734344987.000;	   +0.000
20241216;	112952;	1734344992.000;	   +0.069
20241216;	112957;	1734344997.000;	   +0.202
20241216;	113002;	1734345002.000;	   +0.010
20241216;	113007;	1734345007.000;	   +0.084
20241216;	113012;	1734345012.000;	   +0.076
20241216;	113017;	1734345017.000;	   +0.082
20241216;	113022;	1734345022.000;	   +0.076
20241216;	113027;	1734345027.000;	   +0.076
20241216;	113032;	1734345032.000;	   +0.084
20241216;	113037;	1734345037.000;	   +0.100
20241216;	113042;	1734345042.000;	   +0.159
20241216;	113047;	1734345047.000;	   +0.015
20241216;	113052;	1734345052.000;	   +0.076
20241216;	113057;	1734345057.000;	   +0.074
20241216;	113102;	1734345062.000;	   +0.213
20241216;	113107;	1734345067.000;	   +0.000
20241216;	113112;	1734345072.000;	   +0.000
20241216;	113117;	1734345077.000;	   +0.521
20241216;	113122;	1734345082.000;	   +0.000
20241216;	113127;	1734345087.000;	   +0.642
20241216;	113132;	1734345092.000;	   +0.000
20241216;	113137;	1734345097.000;	   +0.000
20241216;	113142;	1734345102.000;	   +0.177
20241216;	113147;	1734345107.000;	   +0.000
20241216;	113152;	1734345112.000;	   +0.506
20241216;	113157;	1734345117.000;	   +0.008
20241216;	113202;	1734345122.000;	   +0.161
20241216;	113207;	1734345127.000;	   +0.000
20241216;	113212;	1734345132.000;	   +0.670
20241216;	113217;	1734345137.000;	   +0.000
20241216;	113222;	1734345142.000;	   +0.000
20241216;	113227;	1734345147.000;	   +0.789
20241216;	113232;	1734345152.000;	   +0.329
20241216;	113237;	1734345157.000;	   +0.000
20241216;	113242;	1734345162.000;	   +0.344
20241216;	113247;	1734345167.000;	   +0.000
20241216;	113252;	1734345172.000;	   +0.000
20241216;	113257;	1734345177.000;	   +0.855
20241216;	113302;	1734345182.000;	   +0.923
20241216;	113307;	1734345187.000;	   +1.092
20241216;	113312;	1734345192.000;	   +0.000
20241216;	113317;	1734345197.000;	   +0.000
20241216;	113322;	1734345202.000;	   +0.000
20241216;	113327;	1734345207.000;	   +0.000
20241216;	113332;	1734345212.000;	   +0.000
20241216;	113337;	1734345217.000;	   +0.736
20241216;	113342;	1734345222.000;	   +0.000
20241216;	113347;	1734345227.000;	   +0.021
20241216;	113352;	1734345232.000;	   +1.327
20241216;	113357;	1734345237.000;	   +0.098
20241216;	113402;	1734345242.000;	   +0.000
20241216;	113407;	1734345247.000;	   +0.000
20241216;	113412;	1734345252.000;	   +0.217
20241216;	113417;	1734345257.000;	   +1.134
20241216;	113422;	1734345262.000;	   +0.624
20241216;	113427;	1734345267.000;	   +0.301
20241216;	113432;	1734345272.000;	   +0.000
20241216;	113437;	1734345277.000;	   +0.000
20241216;	113442;	1734345282.000;	   +0.089
20241216;	113447;	1734345287.000;	   +0.483
20241216;	113452;	1734345292.000;	   +0.132
20241216;	113457;	1734345297.000;	   +0.723
20241216;	113502;	1734345302.000;	   +0.120
20241216;	113507;	1734345307.000;	   +0.048
20241216;	113512;	1734345312.000;	   +0.000
20241216;	113517;	1734345317.000;	   +0.000
20241216;	113522;	1734345322.000;	   +0.000
20241216;	113527;	1734345327.000;	   +0.000
20241216;	113532;	1734345332.000;	   +0.049
20241216;	113537;	1734345337.000;	   +0.000
20241216;	113542;	1734345342.000;	    err32
20241216;	113547;	1734345347.000;	    err32
20241216;	113552;	1734345352.000;	    err32
20241216;	113557;	1734345357.000;	    err32
20241216;	113602;	1734345362.000;	    err32
20241216;	113607;	1734345367.000;	    err32
20241216;	113612;	1734345372.000;	    err32
20241216;	113617;	1734345377.000;	    err32
20241216;	113622;	1734345382.000;	   +0.000
20241216;	113627;	1734345387.000;	   +0.003
20241216;	113632;	1734345392.000;	   +0.132
20241216;	113637;	1734345397.000;	   +0.636
20241216;	113642;	1734345402.000;	   +0.000
20241216;	113647;	1734345407.000;	   +0.098
20241216;	113652;	1734345412.000;	   +0.000
20241216;	113657;	1734345417.000;	   +0.175
20241216;	113702;	1734345422.000;	   +0.468
20241216;	113707;	1734345427.000;	   +0.000
20241216;	113712;	1734345432.000;	   +0.151
20241216;	113717;	1734345437.000;	   +0.000
20241216;	113722;	1734345442.000;	   +0.000
20241216;	113727;	1734345447.000;	   +0.000
20241216;	113732;	1734345452.000;	   +0.032
20241216;	113737;	1734345457.000;	   +0.075
20241216;	113742;	1734345462.000;	   +0.105
20241216;	113747;	1734345467.000;	   +0.167
20241216;	113752;	1734345472.000;	   +0.000
20241216;	113757;	1734345477.000;	   +0.076
20241216;	113802;	1734345482.000;	   +0.079
20241216;	113807;	1734345487.000;	   +0.114
20241216;	113812;	1734345492.000;	   +0.000
20241216;	113817;	1734345497.000;	   +0.032
20241216;	113822;	1734345502.000;	   +0.077
20241216;	113827;	1734345507.000;	   +0.226
20241216;	113832;	1734345512.000;	   +0.000
20241216;	113837;	1734345517.000;	   +0.161
20241216;	113842;	1734345522.000;	   +0.039
20241216;	113847;	1734345527.000;	   +0.056
20241216;	113852;	1734345532.000;	   +0.109
20241216;	113857;	1734345537.000;	   +0.176
20241216;	113902;	1734345542.000;	   +0.000
20241216;	113907;	1734345547.000;	   +0.032
20241216;	113912;	1734345552.000;	   +0.033
20241216;	113917;	1734345557.000;	   +0.062
20241216;	113922;	1734345562.000;	   +0.074
20241216;	113927;	1734345567.000;	   +0.073
20241216;	113932;	1734345572.000;	   +0.077
20241216;	113937;	1734345577.000;	   +0.079
20241216;	113942;	1734345582.000;	   +0.075
20241216;	113947;	1734345587.000;	   +0.079
20241216;	113952;	1734345592.000;	   +0.075
20241216;	113957;	1734345597.000;	   +0.096
20241216;	114002;	1734345602.000;	   +0.102
20241216;	114007;	1734345607.000;	   +0.000
20241216;	114012;	1734345612.000;	   +0.121
20241216;	114017;	1734345617.000;	   +0.010
20241216;	114022;	1734345622.000;	   +0.072
20241216;	114027;	1734345627.000;	   +0.076
20241216;	114032;	1734345632.000;	   +0.080
20241216;	114037;	1734345637.000;	   +0.075
20241216;	114042;	1734345642.000;	   +0.075
20241216;	114047;	1734345647.000;	   +0.077
20241216;	114052;	1734345652.000;	   +0.078
20241216;	114057;	1734345657.000;	   +0.086
20241216;	114102;	1734345662.000;	   +0.074
20241216;	114107;	1734345667.000;	   +0.072
20241216;	114112;	1734345672.000;	   +0.078
20241216;	114117;	1734345677.000;	   +0.080
20241216;	114122;	1734345682.000;	   +0.103
20241216;	114127;	1734345687.000;	   +0.302
20241216;	114132;	1734345692.000;	   +0.038
20241216;	114137;	1734345697.000;	   +0.072
20241216;	114142;	1734345702.000;	   +0.083
20241216;	114147;	1734345707.000;	   +0.068
20241216;	114152;	1734345712.000;	   +0.079
20241216;	114157;	1734345717.000;	   +0.075
20241216;	114202;	1734345722.000;	   +0.070
20241216;	114207;	1734345727.000;	   +0.074
20241216;	114212;	1734345732.000;	   +0.076
20241216;	114217;	1734345737.000;	   +0.080
20241216;	114222;	1734345742.000;	   +0.079
20241216;	114227;	1734345747.000;	   +0.076
20241216;	114232;	1734345752.000;	   +0.078
20241216;	114237;	1734345757.000;	   +0.080
20241216;	114242;	1734345762.000;	   +0.077
20241216;	114247;	1734345767.000;	   +0.074
20241216;	114252;	1734345772.000;	   +0.086
20241216;	114257;	1734345777.000;	   +0.106
20241216;	114302;	1734345782.000;	   +0.001
20241216;	114307;	1734345787.000;	   +0.077
20241216;	114312;	1734345792.000;	   +0.088
20241216;	114317;	1734345797.000;	   +0.114
20241216;	114322;	1734345802.000;	   +0.081
20241216;	114327;	1734345807.000;	   +0.064
20241216;	114332;	1734345812.000;	   +0.036
20241216;	114337;	1734345817.000;	   +0.071
20241216;	114342;	1734345822.000;	   +0.089
20241216;	114347;	1734345827.000;	   +0.090
20241216;	114352;	1734345832.000;	   +0.056
20241216;	114357;	1734345837.000;	   +0.054
20241216;	114402;	1734345842.000;	   +0.074
20241216;	114407;	1734345847.000;	   +0.081
20241216;	114412;	1734345852.000;	   +0.110
20241216;	114417;	1734345857.000;	   +0.168
20241216;	114422;	1734345862.000;	   +0.042
20241216;	114427;	1734345867.000;	   +0.136
20241216;	114432;	1734345872.000;	   +1.372
20241216;	114437;	1734345877.000;	   +0.000
20241216;	114442;	1734345882.000;	   +0.000
20241216;	114447;	1734345887.000;	   +0.071
20241216;	114452;	1734345892.000;	   +0.068
20241216;	114457;	1734345897.000;	   +0.099
20241216;	114502;	1734345902.000;	   +0.079
20241216;	114507;	1734345907.000;	   +0.082
20241216;	114512;	1734345912.000;	   +0.075
20241216;	114517;	1734345917.000;	   +0.081
20241216;	114522;	1734345922.000;	   +0.080
20241216;	114527;	1734345927.000;	   +0.082
20241216;	114532;	1734345932.000;	   +0.100
20241216;	114537;	1734345937.000;	   +0.072
20241216;	114542;	1734345942.000;	   +0.075
20241216;	114547;	1734345947.000;	   +0.103
20241216;	114552;	1734345952.000;	   +0.090
20241216;	114557;	1734345957.000;	   +0.512
20241216;	114602;	1734345962.000;	   +0.000
20241216;	114607;	1734345967.000;	   +0.000
20241216;	114612;	1734345972.000;	   +0.064
20241216;	114617;	1734345977.000;	   +0.054
20241216;	114622;	1734345982.000;	   +0.049
20241216;	114627;	1734345987.000;	   +0.071
20241216;	114632;	1734345992.000;	   +0.083
20241216;	114637;	1734345997.000;	   +0.076
20241216;	114642;	1734346002.000;	   +0.133
20241216;	114647;	1734346007.000;	   +0.259
20241216;	114652;	1734346012.000;	   +0.013
20241216;	114657;	1734346017.000;	   +0.043
20241216;	114702;	1734346022.000;	   +0.211
20241216;	114707;	1734346027.000;	   +0.214
20241216;	114712;	1734346032.000;	   +0.000
20241216;	114717;	1734346037.000;	   +0.070
20241216;	114722;	1734346042.000;	   +0.097
20241216;	114727;	1734346047.000;	   +0.069
20241216;	114732;	1734346052.000;	   +0.037
20241216;	114737;	1734346057.000;	   +0.075
20241216;	114742;	1734346062.000;	   +0.101
20241216;	114747;	1734346067.000;	   +0.098
20241216;	114752;	1734346072.000;	   +0.170
20241216;	114757;	1734346077.000;	   +0.390
20241216;	114802;	1734346082.000;	   +0.000
20241216;	114807;	1734346087.000;	   +0.000
20241216;	114812;	1734346092.000;	   +0.448
20241216;	114817;	1734346097.000;	   +0.010
20241216;	114822;	1734346102.000;	   +0.076
20241216;	114827;	1734346107.000;	   +0.000
20241216;	114832;	1734346112.000;	   +0.079
20241216;	114837;	1734346117.000;	   +0.169
20241216;	114842;	1734346122.000;	   +0.698
20241216;	114847;	1734346127.000;	   +0.000
20241216;	114852;	1734346132.000;	   +0.000
20241216;	114857;	1734346137.000;	   +0.352
20241216;	114902;	1734346142.000;	   +0.241
20241216;	114907;	1734346147.000;	   +0.000
20241216;	114912;	1734346152.000;	   +0.388
20241216;	114917;	1734346157.000;	   +0.710
20241216;	114922;	1734346162.000;	   +2.122
20241216;	114927;	1734346167.000;	   +0.147
20241216;	114932;	1734346172.000;	   +0.000
20241216;	114937;	1734346177.000;	   +0.150
20241216;	114942;	1734346182.000;	   +0.274
20241216;	114947;	1734346187.000;	   +0.173
20241216;	114952;	1734346192.000;	   +0.242
20241216;	114957;	1734346197.000;	   +0.000
20241216;	115002;	1734346202.000;	   +0.215
20241216;	115007;	1734346207.000;	   +0.078
20241216;	115012;	1734346212.000;	   +0.219
20241216;	115017;	1734346217.000;	   +1.842
20241216;	115022;	1734346222.000;	   +0.089
20241216;	115027;	1734346227.000;	   +0.182
20241216;	115032;	1734346232.000;	   +0.758
20241216;	115037;	1734346237.000;	   +0.420
20241216;	115042;	1734346242.000;	   +0.162
20241216;	115047;	1734346247.000;	   +0.193
20241216;	115052;	1734346252.000;	   +0.000
20241216;	115057;	1734346257.000;	   +0.144
20241216;	115102;	1734346262.000;	   +0.244
20241216;	115107;	1734346267.000;	   +0.175
20241216;	115112;	1734346272.000;	   +0.203
20241216;	115117;	1734346277.000;	   +0.083
20241216;	115122;	1734346282.000;	   +0.241
20241216;	115127;	1734346287.000;	   +0.000
20241216;	115132;	1734346292.000;	   +0.717
20241216;	115137;	1734346297.000;	   +0.000
20241216;	115142;	1734346302.000;	   +0.386
20241216;	115147;	1734346307.000;	   +0.214
20241216;	115152;	1734346312.000;	   +0.186
20241216;	115157;	1734346317.000;	   +0.215
20241216;	115202;	1734346322.000;	   +0.904
20241216;	115207;	1734346327.000;	   +0.972
20241216;	115212;	1734346332.000;	   +0.930
20241216;	115217;	1734346337.000;	   +0.290
20241216;	115222;	1734346342.000;	   +0.704
20241216;	115227;	1734346347.000;	   +0.203
20241216;	115232;	1734346352.000;	   +0.517
20241216;	115237;	1734346357.000;	   +0.764
20241216;	115242;	1734346362.000;	   +0.306
20241216;	115247;	1734346367.000;	   +0.239
20241216;	115252;	1734346372.000;	   +0.221
20241216;	115257;	1734346377.000;	   +0.551
20241216;	115302;	1734346382.000;	   +0.237
20241216;	115307;	1734346387.000;	   +0.256
20241216;	115312;	1734346392.000;	   +0.213
20241216;	115317;	1734346397.000;	   +0.216
20241216;	115322;	1734346402.000;	   +0.239
20241216;	115327;	1734346407.000;	   +0.214
20241216;	115332;	1734346412.000;	   +0.205
20241216;	115337;	1734346417.000;	   +0.202
20241216;	115342;	1734346422.000;	   +0.212
20241216;	115347;	1734346427.000;	   +0.205
20241216;	115352;	1734346432.000;	   +0.230
20241216;	115357;	1734346437.000;	   +0.228
20241216;	115402;	1734346442.000;	   +0.874
20241216;	115407;	1734346447.000;	   +0.215
20241216;	115412;	1734346452.000;	   +0.708
20241216;	115417;	1734346457.000;	   +0.222
20241216;	115422;	1734346462.000;	   +0.216
20241216;	115427;	1734346467.000;	   +0.651
20241216;	115432;	1734346472.000;	   +0.220
20241216;	115437;	1734346477.000;	   +0.642
20241216;	115442;	1734346482.000;	   +0.675
20241216;	115447;	1734346487.000;	   +0.000
20241216;	115452;	1734346492.000;	   +0.927
20241216;	115457;	1734346497.000;	   +0.277
20241216;	115502;	1734346502.000;	   +0.547
20241216;	115507;	1734346507.000;	   +0.258
20241216;	115512;	1734346512.000;	   +0.619
20241216;	115517;	1734346517.000;	   +0.225
20241216;	115522;	1734346522.000;	   +0.211
20241216;	115527;	1734346527.000;	   +0.211
20241216;	115532;	1734346532.000;	   +0.208
20241216;	115537;	1734346537.000;	   +0.217
20241216;	115542;	1734346542.000;	   +0.237
20241216;	115547;	1734346547.000;	   +0.138
20241216;	115552;	1734346552.000;	   +0.000
20241216;	115557;	1734346557.000;	   +0.000
20241216;	115602;	1734346562.000;	   +0.171
20241216;	115607;	1734346567.000;	   +0.071
20241216;	115612;	1734346572.000;	   +0.650
20241216;	115617;	1734346577.000;	   +0.000
20241216;	115622;	1734346582.000;	   +0.401
20241216;	115627;	1734346587.000;	   +0.000
20241216;	115632;	1734346592.000;	   +0.130
20241216;	115637;	1734346597.000;	   +0.139
20241216;	115642;	1734346602.000;	   +0.152
20241216;	115647;	1734346607.000;	   +0.000
20241216;	115652;	1734346612.000;	   +0.167
20241216;	115657;	1734346617.000;	   +0.167
20241216;	115702;	1734346622.000;	   +0.122
20241216;	115707;	1734346627.000;	   +0.100
20241216;	115712;	1734346632.000;	   +1.876
20241216;	115717;	1734346637.000;	   +0.000
20241216;	115722;	1734346642.000;	   +0.000
20241216;	115727;	1734346647.000;	   +0.000
20241216;	115732;	1734346652.000;	   +0.150
20241216;	115737;	1734346657.000;	   +0.273
20241216;	115742;	1734346662.000;	   +0.000
20241216;	115747;	1734346667.000;	   +0.083
20241216;	115752;	1734346672.000;	   +0.098
20241216;	115757;	1734346677.000;	   +0.111
20241216;	115802;	1734346682.000;	   +0.128
20241216;	115807;	1734346687.000;	   +0.121
20241216;	115812;	1734346692.000;	   +0.126
20241216;	115817;	1734346697.000;	   +0.129
20241216;	115822;	1734346702.000;	   +0.132
20241216;	115827;	1734346707.000;	   +0.141
20241216;	115832;	1734346712.000;	   +0.156
20241216;	115837;	1734346717.000;	   +0.000
20241216;	115842;	1734346722.000;	   +0.126
20241216;	115847;	1734346727.000;	   +0.132
20241216;	115852;	1734346732.000;	   +0.238
20241216;	115857;	1734346737.000;	   +0.087
20241216;	115902;	1734346742.000;	   +0.113
20241216;	115907;	1734346747.000;	   +0.120
20241216;	115912;	1734346752.000;	   +0.153
20241216;	115917;	1734346757.000;	   +0.173
20241216;	115922;	1734346762.000;	   +0.000
20241216;	115927;	1734346767.000;	   +0.121
20241216;	115932;	1734346772.000;	   +0.148
20241216;	115937;	1734346777.000;	   +0.210
20241216;	115942;	1734346782.000;	   +0.148
20241216;	115947;	1734346787.000;	   +0.413
20241216;	115952;	1734346792.000;	   +0.012
20241216;	115957;	1734346797.000;	   +0.195
20241216;	120002;	1734346802.000;	   +0.000
20241216;	120007;	1734346807.000;	   +0.000
20241216;	120012;	1734346812.000;	   +0.100
20241216;	120017;	1734346817.000;	   +0.000
20241216;	120022;	1734346822.000;	   +0.000
20241216;	120027;	1734346827.000;	   +0.098
20241216;	120032;	1734346832.000;	   +0.129
20241216;	120037;	1734346837.000;	   +0.134
20241216;	120042;	1734346842.000;	   +0.081
20241216;	120047;	1734346847.000;	   +0.115
20241216;	120052;	1734346852.000;	   +0.121
20241216;	120057;	1734346857.000;	   +0.121
20241216;	120102;	1734346862.000;	   +0.120
20241216;	120107;	1734346867.000;	   +0.122
20241216;	120112;	1734346872.000;	   +0.130
20241216;	120117;	1734346877.000;	   +0.140
20241216;	120122;	1734346882.000;	   +0.141
20241216;	120127;	1734346887.000;	   +0.222
20241216;	120132;	1734346892.000;	   +0.566
20241216;	120137;	1734346897.000;	   +1.658
20241216;	120142;	1734346902.000;	   +0.114
20241216;	120147;	1734346907.000;	   +0.131
20241216;	120152;	1734346912.000;	   +0.144
20241216;	120157;	1734346917.000;	   +0.102
20241216;	120202;	1734346922.000;	   +0.137
20241216;	120207;	1734346927.000;	   +0.132
20241216;	120212;	1734346932.000;	   +0.143
20241216;	120217;	1734346937.000;	   +0.135
20241216;	120222;	1734346942.000;	   +0.147
20241216;	120227;	1734346947.000;	   +0.133
20241216;	120232;	1734346952.000;	   +0.138
20241216;	120237;	1734346957.000;	   +0.216
20241216;	120242;	1734346962.000;	   +0.120
20241216;	120247;	1734346967.000;	   +0.206
20241216;	120252;	1734346972.000;	   +0.000
20241216;	120257;	1734346977.000;	   +0.385
20241216;	120302;	1734346982.000;	   +0.000
20241216;	120307;	1734346987.000;	   +0.145
20241216;	120312;	1734346992.000;	   +0.000
20241216;	120317;	1734346997.000;	   +0.000
20241216;	120322;	1734347002.000;	   +0.075
20241216;	120327;	1734347007.000;	   +0.133
20241216;	120332;	1734347012.000;	   +0.106
20241216;	120337;	1734347017.000;	   +0.112
20241216;	120342;	1734347022.000;	   +0.128
20241216;	120347;	1734347027.000;	   +0.123
20241216;	120352;	1734347032.000;	   +0.129
20241216;	120357;	1734347037.000;	   +0.132
20241216;	120402;	1734347042.000;	   +0.139
20241216;	120407;	1734347047.000;	   +0.137
20241216;	120412;	1734347052.000;	   +0.143
20241216;	120417;	1734347057.000;	   +0.157
20241216;	120422;	1734347062.000;	   +2.484
20241216;	120427;	1734347067.000;	   +0.000
20241216;	120432;	1734347072.000;	   +0.256
20241216;	120437;	1734347077.000;	   +0.000
20241216;	120442;	1734347082.000;	   +0.000
20241216;	120447;	1734347087.000;	   +0.000
20241216;	120452;	1734347092.000;	   +0.020
20241216;	120457;	1734347097.000;	   +0.090
20241216;	120502;	1734347102.000;	   +0.116
20241216;	120507;	1734347107.000;	   +0.123
20241216;	120512;	1734347112.000;	   +0.125
20241216;	120517;	1734347117.000;	   +0.129
20241216;	120522;	1734347122.000;	   +0.132
20241216;	120527;	1734347127.000;	   +0.137
20241216;	120532;	1734347132.000;	   +0.133
20241216;	120537;	1734347137.000;	   +0.129
20241216;	120542;	1734347142.000;	   +0.131
20241216;	120547;	1734347147.000;	   +0.131
20241216;	120552;	1734347152.000;	   +0.134
20241216;	120557;	1734347157.000;	   +0.136
20241216;	120602;	1734347162.000;	   +0.133
20241216;	120607;	1734347167.000;	   +0.138
20241216;	120612;	1734347172.000;	   +0.151
20241216;	120617;	1734347177.000;	   +0.000
20241216;	120622;	1734347182.000;	   +0.149
20241216;	120627;	1734347187.000;	   +0.162
20241216;	120632;	1734347192.000;	   +0.142
20241216;	120637;	1734347197.000;	   +0.389
20241216;	120642;	1734347202.000;	   +0.000
20241216;	120647;	1734347207.000;	   +0.000
20241216;	120652;	1734347212.000;	   +0.392
20241216;	120657;	1734347217.000;	   +0.063
20241216;	120702;	1734347222.000;	   +0.738
20241216;	120707;	1734347227.000;	   +0.000
20241216;	120712;	1734347232.000;	   +0.328
20241216;	120717;	1734347237.000;	   +0.300
20241216;	120722;	1734347242.000;	   +0.498
20241216;	120727;	1734347247.000;	   +1.300
20241216;	120732;	1734347252.000;	   +1.418
20241216;	120737;	1734347257.000;	   +1.459
20241216;	120742;	1734347262.000;	   +1.009
20241216;	120747;	1734347267.000;	   +0.241
20241216;	120752;	1734347272.000;	   +0.483
20241216;	120757;	1734347277.000;	   +0.346
20241216;	120802;	1734347282.000;	   +0.379
20241216;	120807;	1734347287.000;	   +0.452
20241216;	120812;	1734347292.000;	   +0.267
20241216;	120817;	1734347297.000;	   +0.570
20241216;	120822;	1734347302.000;	   +0.240
20241216;	120827;	1734347307.000;	   +0.513
20241216;	120832;	1734347312.000;	   +0.375
20241216;	120837;	1734347317.000;	   +0.414
20241216;	120842;	1734347322.000;	   +1.797
20241216;	120847;	1734347327.000;	   +0.000
20241216;	120852;	1734347332.000;	   +0.407
20241216;	120857;	1734347337.000;	   +0.186
20241216;	120902;	1734347342.000;	   +0.470
20241216;	120907;	1734347347.000;	   +0.324
20241216;	120912;	1734347352.000;	   +0.351
20241216;	120917;	1734347357.000;	   +0.439
20241216;	120922;	1734347362.000;	   +0.204
20241216;	120927;	1734347367.000;	   +0.512
20241216;	120932;	1734347372.000;	   +0.182
20241216;	120937;	1734347377.000;	   +0.441
20241216;	120942;	1734347382.000;	   +0.302
20241216;	120947;	1734347387.000;	   +0.356
20241216;	120952;	1734347392.000;	   +0.000
20241216;	120957;	1734347397.000;	   +0.000
20241216;	121002;	1734347402.000;	   +0.502
20241216;	121007;	1734347407.000;	   +0.511
20241216;	121012;	1734347412.000;	   +1.087
20241216;	121017;	1734347417.000;	   +1.060
20241216;	121022;	1734347422.000;	   +1.446
20241216;	121027;	1734347427.000;	   +0.000
20241216;	121032;	1734347432.000;	   +0.218
20241216;	121037;	1734347437.000;	   +0.508
20241216;	121042;	1734347442.000;	   +0.150
20241216;	121047;	1734347447.000;	   +0.454
20241216;	121052;	1734347452.000;	   +0.182
20241216;	121057;	1734347457.000;	   +0.874
20241216;	121102;	1734347462.000;	   +0.337
20241216;	121107;	1734347467.000;	   +0.138
20241216;	121112;	1734347472.000;	   +0.493
20241216;	121117;	1734347477.000;	   +0.254
20241216;	121122;	1734347482.000;	   +0.429
20241216;	121127;	1734347487.000;	   +0.313
20241216;	121132;	1734347492.000;	   +0.313
20241216;	121137;	1734347497.000;	   +0.389
20241216;	121142;	1734347502.000;	   +0.210
20241216;	121147;	1734347507.000;	   +0.530
20241216;	121152;	1734347512.000;	   +0.183
20241216;	121157;	1734347517.000;	   +0.463
20241216;	121202;	1734347522.000;	   +0.254
20241216;	121207;	1734347527.000;	   +0.364
20241216;	121212;	1734347532.000;	   +0.163
20241216;	121217;	1734347537.000;	   +0.000
20241216;	121222;	1734347542.000;	   +0.444
20241216;	121227;	1734347547.000;	   +0.158
20241216;	121232;	1734347552.000;	   +0.421
20241216;	121237;	1734347557.000;	   +0.323
20241216;	121242;	1734347562.000;	   +0.591
20241216;	121247;	1734347567.000;	   +0.074
20241216;	121252;	1734347572.000;	   +0.000
20241216;	121257;	1734347577.000;	   +0.460
20241216;	121302;	1734347582.000;	   +0.184
20241216;	121307;	1734347587.000;	   +0.000
20241216;	121312;	1734347592.000;	   +0.229
20241216;	121317;	1734347597.000;	   +0.348
20241216;	121322;	1734347602.000;	   +3.180
20241216;	121327;	1734347607.000;	   +0.000
20241216;	121332;	1734347612.000;	   +3.140
20241216;	121337;	1734347617.000;	   +1.218
20241216;	121342;	1734347622.000;	   +0.476
20241216;	121347;	1734347627.000;	   +0.231
20241216;	121352;	1734347632.000;	   +0.333
20241216;	121357;	1734347637.000;	   +0.393
20241216;	121402;	1734347642.000;	   +0.199
20241216;	121407;	1734347647.000;	   +0.233
20241216;	121412;	1734347652.000;	   +0.000
20241216;	121417;	1734347657.000;	   +0.388
20241216;	121422;	1734347662.000;	   +0.319
20241216;	121427;	1734347667.000;	   +0.288
20241216;	121432;	1734347672.000;	   +0.396
20241216;	121437;	1734347677.000;	   +0.064
20241216;	121442;	1734347682.000;	   +0.520
20241216;	121447;	1734347687.000;	   +0.261
20241216;	121452;	1734347692.000;	   +0.523
20241216;	121457;	1734347697.000;	   +0.291
20241216;	121502;	1734347702.000;	   +0.253
20241216;	121507;	1734347707.000;	   +0.652
20241216;	121512;	1734347712.000;	   +0.177
20241216;	121517;	1734347717.000;	   +1.187
20241216;	121522;	1734347722.000;	   +1.842
20241216;	121527;	1734347727.000;	   +0.490
20241216;	121532;	1734347732.000;	   +0.000
20241216;	121537;	1734347737.000;	   +0.310
20241216;	121542;	1734347742.000;	   +0.530
20241216;	121547;	1734347747.000;	   +0.000
20241216;	121552;	1734347752.000;	   +0.000
20241216;	121557;	1734347757.000;	   +0.342
20241216;	121602;	1734347762.000;	   +0.470
20241216;	121607;	1734347767.000;	   +2.323
20241216;	121612;	1734347772.000;	   +0.748
20241216;	121617;	1734347777.000;	   +0.000
20241216;	121622;	1734347782.000;	   +0.000
20241216;	121627;	1734347787.000;	   +0.158
20241216;	121632;	1734347792.000;	   +0.180
20241216;	121637;	1734347797.000;	   +0.051
20241216;	121642;	1734347802.000;	   +0.123
20241216;	121647;	1734347807.000;	   +0.084
20241216;	121652;	1734347812.000;	   +0.129
20241216;	121657;	1734347817.000;	   +0.126
20241216;	121702;	1734347822.000;	   +0.000
20241216;	121707;	1734347827.000;	   +0.145
20241216;	121712;	1734347832.000;	   +0.272
20241216;	121717;	1734347837.000;	   +0.340
20241216;	121722;	1734347842.000;	   +0.207
20241216;	121727;	1734347847.000;	   +0.000
20241216;	121732;	1734347852.000;	   +0.115
20241216;	121737;	1734347857.000;	   +0.212
20241216;	121742;	1734347862.000;	   +0.130
20241216;	121747;	1734347867.000;	   +0.178
20241216;	121752;	1734347872.000;	   +0.163
20241216;	121757;	1734347877.000;	   +0.172
20241216;	121802;	1734347882.000;	   +0.168
20241216;	121807;	1734347887.000;	   +0.174
20241216;	121812;	1734347892.000;	   +0.198
20241216;	121817;	1734347897.000;	   +0.143
20241216;	121822;	1734347902.000;	   +0.167
20241216;	121827;	1734347907.000;	   +0.161
20241216;	121832;	1734347912.000;	   +0.141
20241216;	121837;	1734347917.000;	   +0.148
20241216;	121842;	1734347922.000;	   +0.148
20241216;	121847;	1734347927.000;	   +0.151
20241216;	121852;	1734347932.000;	   +0.159
20241216;	121857;	1734347937.000;	   +0.155
20241216;	121902;	1734347942.000;	   +0.140
20241216;	121907;	1734347947.000;	   +0.157
20241216;	121912;	1734347952.000;	   +0.159
20241216;	121917;	1734347957.000;	   +0.166
20241216;	121922;	1734347962.000;	   +0.171
20241216;	121927;	1734347967.000;	   +0.151
20241216;	121932;	1734347972.000;	   +0.153
20241216;	121937;	1734347977.000;	   +0.113
20241216;	121942;	1734347982.000;	   +0.032
20241216;	121947;	1734347987.000;	   +0.137
20241216;	121952;	1734347992.000;	   +0.153
20241216;	121957;	1734347997.000;	   +0.161
20241216;	122002;	1734348002.000;	   +0.167
20241216;	122007;	1734348007.000;	   +0.176
20241216;	122012;	1734348012.000;	   +0.140
20241216;	122017;	1734348017.000;	   +0.212
20241216;	122022;	1734348022.000;	   +0.176
20241216;	122027;	1734348027.000;	   +0.555
20241216;	122032;	1734348032.000;	   +0.255
20241216;	122037;	1734348037.000;	   +0.000
20241216;	122042;	1734348042.000;	   +0.273
20241216;	122047;	1734348047.000;	   +0.344
20241216;	122052;	1734348052.000;	   +0.229
20241216;	122057;	1734348057.000;	   +0.170
20241216;	122102;	1734348062.000;	   +0.194
20241216;	122107;	1734348067.000;	   +0.175
20241216;	122112;	1734348072.000;	   +0.156
20241216;	122117;	1734348077.000;	   +0.157
20241216;	122122;	1734348082.000;	   +0.157
20241216;	122127;	1734348087.000;	   +0.148
20241216;	122132;	1734348092.000;	   +0.161
20241216;	122137;	1734348097.000;	   +0.165
20241216;	122142;	1734348102.000;	   +0.178
20241216;	122147;	1734348107.000;	   +0.156
20241216;	122152;	1734348112.000;	   +0.154
20241216;	122157;	1734348117.000;	   +0.164
20241216;	122202;	1734348122.000;	   +0.159
20241216;	122207;	1734348127.000;	   +0.177
20241216;	122212;	1734348132.000;	   +0.161
20241216;	122217;	1734348137.000;	   +0.150
20241216;	122222;	1734348142.000;	   +0.159
20241216;	122227;	1734348147.000;	   +0.161
20241216;	122232;	1734348152.000;	   +0.162
20241216;	122237;	1734348157.000;	   +0.170
20241216;	122242;	1734348162.000;	   +0.153
20241216;	122247;	1734348167.000;	   +0.158
20241216;	122252;	1734348172.000;	   +0.160
20241216;	122257;	1734348177.000;	   +0.165
20241216;	122302;	1734348182.000;	   +0.165
20241216;	122307;	1734348187.000;	   +0.165
20241216;	122312;	1734348192.000;	   +0.155
20241216;	122317;	1734348197.000;	   +0.168
20241216;	122322;	1734348202.000;	   +0.171
20241216;	122327;	1734348207.000;	   +0.161
20241216;	122332;	1734348212.000;	   +0.175
20241216;	122337;	1734348217.000;	   +0.146
20241216;	122342;	1734348222.000;	   +0.133
20241216;	122347;	1734348227.000;	   +0.142
20241216;	122352;	1734348232.000;	   +0.146
20241216;	122357;	1734348237.000;	   +0.147
20241216;	122402;	1734348242.000;	   +0.156
20241216;	122407;	1734348247.000;	   +0.006
20241216;	122412;	1734348252.000;	   +0.184
20241216;	122417;	1734348257.000;	   +0.143
20241216;	122422;	1734348262.000;	   +0.145
20241216;	122427;	1734348267.000;	   +0.128
20241216;	122432;	1734348272.000;	   +0.143
20241216;	122437;	1734348277.000;	   +0.137
20241216;	122442;	1734348282.000;	   +0.144
20241216;	122447;	1734348287.000;	   +0.152
20241216;	122452;	1734348292.000;	   +0.159
20241216;	122457;	1734348297.000;	   +0.149
20241216;	122502;	1734348302.000;	   +0.142
20241216;	122507;	1734348307.000;	   +0.147
20241216;	122512;	1734348312.000;	   +0.246
20241216;	122517;	1734348317.000;	   +0.149
20241216;	122522;	1734348322.000;	   +0.150
20241216;	122527;	1734348327.000;	   +0.156
20241216;	122532;	1734348332.000;	   +0.149
20241216;	122537;	1734348337.000;	   +0.163
20241216;	122542;	1734348342.000;	   +0.195
20241216;	122547;	1734348347.000;	   +0.105
20241216;	122552;	1734348352.000;	   +0.179
20241216;	122557;	1734348357.000;	   +0.162
20241216;	122602;	1734348362.000;	   +0.165
20241216;	122607;	1734348367.000;	   +0.167
20241216;	122612;	1734348372.000;	   +0.156
20241216;	122617;	1734348377.000;	   +0.166
20241216;	122622;	1734348382.000;	   +0.156
20241216;	122627;	1734348387.000;	   +0.137
20241216;	122632;	1734348392.000;	   +2.642
20241216;	122637;	1734348397.000;	   +2.632
20241216;	122642;	1734348402.000;	   +2.620
20241216;	122647;	1734348407.000;	   +2.617
20241216;	122652;	1734348412.000;	   +2.598
20241216;	122657;	1734348417.000;	   +2.117
20241216;	122702;	1734348422.000;	   +3.906
20241216;	122707;	1734348427.000;	   +3.971
20241216;	122712;	1734348432.000;	   +3.994
20241216;	122717;	1734348437.000;	   +3.223
20241216;	122722;	1734348442.000;	   +3.563
20241216;	122727;	1734348447.000;	   +4.531
20241216;	122732;	1734348452.000;	   +4.092
20241216;	122737;	1734348457.000;	   +3.945
20241216;	122742;	1734348462.000;	   +3.991
20241216;	122747;	1734348467.000;	   +3.937
20241216;	122752;	1734348472.000;	   +3.955
20241216;	122757;	1734348477.000;	   +3.930
20241216;	122802;	1734348482.000;	   +3.942
20241216;	122807;	1734348487.000;	   +3.943
20241216;	122812;	1734348492.000;	   +3.951
20241216;	122817;	1734348497.000;	   +3.931
20241216;	122822;	1734348502.000;	   +3.951
20241216;	122827;	1734348507.000;	   +3.943
20241216;	122832;	1734348512.000;	   +2.838
20241216;	122837;	1734348517.000;	   +3.007
20241216;	122842;	1734348522.000;	   +2.754
20241216;	122847;	1734348527.000;	   +2.999
20241216;	122852;	1734348532.000;	   +2.773
20241216;	122857;	1734348537.000;	   +2.934
20241216;	122902;	1734348542.000;	   +2.881
20241216;	122907;	1734348547.000;	   +2.844
20241216;	122912;	1734348552.000;	   +2.998
20241216;	122917;	1734348557.000;	   +2.746
20241216;	122922;	1734348562.000;	   +3.013
20241216;	122927;	1734348567.000;	   +2.753
20241216;	122932;	1734348572.000;	   +2.961
20241216;	122937;	1734348577.000;	   +2.877
20241216;	122942;	1734348582.000;	   +2.814
20241216;	122947;	1734348587.000;	   +2.947
20241216;	122952;	1734348592.000;	   +2.834
20241216;	122957;	1734348597.000;	   +2.978
20241216;	123002;	1734348602.000;	   +2.694
20241216;	123007;	1734348607.000;	   +2.943
20241216;	123012;	1734348612.000;	   +2.878
20241216;	123017;	1734348617.000;	   +2.834
20241216;	123022;	1734348622.000;	   +2.976
20241216;	123027;	1734348627.000;	   +2.753
20241216;	123032;	1734348632.000;	   +3.002
20241216;	123037;	1734348637.000;	   +2.748
20241216;	123042;	1734348642.000;	   +2.933
20241216;	123047;	1734348647.000;	   +2.860
20241216;	123052;	1734348652.000;	   +2.822
20241216;	123057;	1734348657.000;	   +2.996
20241216;	123102;	1734348662.000;	   +2.748
20241216;	123107;	1734348667.000;	   +2.975
20241216;	123112;	1734348672.000;	   +2.937
20241216;	123117;	1734348677.000;	   +1.994
20241216;	123122;	1734348682.000;	   +3.888
20241216;	123127;	1734348687.000;	   +2.793
20241216;	123132;	1734348692.000;	   +2.125
20241216;	123137;	1734348697.000;	   +1.692
20241216;	123142;	1734348702.000;	   +3.501
20241216;	123147;	1734348707.000;	   +2.912
20241216;	123152;	1734348712.000;	   +2.927
20241216;	123157;	1734348717.000;	   +2.855
20241216;	123202;	1734348722.000;	   +2.814
20241216;	123207;	1734348727.000;	   +2.959
20241216;	123212;	1734348732.000;	   +2.740
20241216;	123217;	1734348737.000;	   +2.970
20241216;	123222;	1734348742.000;	   +2.942
20241216;	123227;	1734348747.000;	   +2.912
20241216;	123232;	1734348752.000;	   +2.843
20241216;	123237;	1734348757.000;	   +2.797
20241216;	123242;	1734348762.000;	   +2.961
20241216;	123247;	1734348767.000;	   +2.599
20241216;	123252;	1734348772.000;	   +2.973
20241216;	123257;	1734348777.000;	   +2.718
20241216;	123302;	1734348782.000;	   +2.904
20241216;	123307;	1734348787.000;	   +2.870
20241216;	123312;	1734348792.000;	   +2.791
20241216;	123317;	1734348797.000;	   +2.978
20241216;	123322;	1734348802.000;	   +2.724
20241216;	123327;	1734348807.000;	   +2.984
20241216;	123332;	1734348812.000;	   +2.744
20241216;	123337;	1734348817.000;	   +2.901
20241216;	123342;	1734348822.000;	   +2.874
20241216;	123347;	1734348827.000;	   +2.809
20241216;	123352;	1734348832.000;	   +2.969
20241216;	123357;	1734348837.000;	   +2.772
20241216;	123402;	1734348842.000;	   +3.055
20241216;	123407;	1734348847.000;	   +2.742
20241216;	123412;	1734348852.000;	   +2.955
20241216;	123417;	1734348857.000;	   +2.845
20241216;	123422;	1734348862.000;	   +2.803
20241216;	123427;	1734348867.000;	   +2.437
20241216;	123432;	1734348872.000;	   +1.753
20241216;	123437;	1734348877.000;	   +2.535
20241216;	123442;	1734348882.000;	   +2.677
20241216;	123447;	1734348887.000;	   +0.987
20241216;	123452;	1734348892.000;	   +0.000
20241216;	123457;	1734348897.000;	   +0.394
20241216;	123502;	1734348902.000;	   +0.191
20241216;	123507;	1734348907.000;	   +3.459
20241216;	123512;	1734348912.000;	   +1.409
20241216;	123517;	1734348917.000;	   +0.482
20241216;	123522;	1734348922.000;	   +0.000
20241216;	123527;	1734348927.000;	   +0.000
20241216;	123532;	1734348932.000;	   +0.076
20241216;	123537;	1734348937.000;	   +0.651
20241216;	123542;	1734348942.000;	   +2.450
20241216;	123547;	1734348947.000;	   +2.478
20241216;	123552;	1734348952.000;	   +2.832
20241216;	123557;	1734348957.000;	   +3.922
20241216;	123602;	1734348962.000;	   +2.414
20241216;	123607;	1734348967.000;	   +3.383
20241216;	123612;	1734348972.000;	   +2.541
20241216;	123617;	1734348977.000;	    err32
20241216;	123622;	1734348982.000;	    err32
20241216;	123627;	1734348987.000;	    err32
20241216;	123632;	1734348992.000;	    err32
20241216;	123637;	1734348997.000;	    err32
20241216;	123642;	1734349002.000;	    err32
20241216;	123647;	1734349007.000;	    err32
20241216;	123652;	1734349012.000;	    err32
20241216;	123657;	1734349017.000;	    err32
20241216;	123702;	1734349022.000;	    err32
20241216;	123707;	1734349027.000;	    err32
20241216;	123712;	1734349032.000;	    err32
20241216;	123717;	1734349037.000;	    err32
20241216;	123722;	1734349042.000;	    err32
20241216;	123727;	1734349047.000;	    err32
20241216;	123732;	1734349052.000;	    err32
20241216;	123737;	1734349057.000;	    err32
20241216;	123742;	1734349062.000;	    err32
20241216;	123747;	1734349067.000;	    err32
20241216;	123752;	1734349072.000;	    err32
20241216;	123757;	1734349077.000;	    err32
20241216;	123802;	1734349082.000;	    err32
20241216;	123807;	1734349087.000;	    err32
20241216;	123812;	1734349092.000;	    err32
20241216;	123817;	1734349097.000;	    err32
20241216;	123822;	1734349102.000;	    err32
20241216;	123827;	1734349107.000;	    err32
20241216;	123832;	1734349112.000;	    err32
20241216;	123837;	1734349117.000;	    err32
20241216;	123842;	1734349122.000;	    err32
20241216;	123847;	1734349127.000;	    err32
20241216;	123852;	1734349132.000;	    err32
20241216;	123857;	1734349137.000;	    err32
20241216;	123902;	1734349142.000;	    err32
20241216;	123907;	1734349147.000;	    err32
20241216;	123912;	1734349152.000;	    err32
20241216;	123917;	1734349157.000;	    err32
20241216;	123922;	1734349162.000;	    err32
20241216;	123927;	1734349167.000;	    err32
20241216;	123932;	1734349172.000;	    err32
20241216;	123937;	1734349177.000;	    err32
20241216;	123942;	1734349182.000;	    err32
20241216;	123947;	1734349187.000;	    err32
20241216;	123952;	1734349192.000;	    err32
20241216;	123957;	1734349197.000;	    err32
20241216;	124002;	1734349202.000;	    err32
20241216;	124007;	1734349207.000;	    err32
20241216;	124012;	1734349212.000;	    err32
20241216;	124017;	1734349217.000;	    err32
20241216;	124022;	1734349222.000;	    err32
20241216;	124027;	1734349227.000;	    err32
20241216;	124032;	1734349232.000;	    err32
20241216;	124037;	1734349237.000;	    err32
20241216;	124042;	1734349242.000;	    err32
20241216;	124047;	1734349247.000;	    err32
20241216;	124052;	1734349252.000;	    err32
20241216;	124057;	1734349257.000;	    err32
20241216;	124102;	1734349262.000;	    err32
20241216;	124107;	1734349267.000;	    err32
20241216;	124112;	1734349272.000;	    err32
20241216;	124117;	1734349277.000;	    err32
20241216;	124122;	1734349282.000;	    err32
20241216;	124127;	1734349287.000;	    err32
20241216;	124132;	1734349292.000;	    err32
20241216;	124137;	1734349297.000;	    err32
20241216;	124142;	1734349302.000;	    err32
20241216;	124147;	1734349307.000;	    err32
20241216;	124152;	1734349312.000;	    err32
20241216;	124157;	1734349317.000;	    err32
20241216;	124202;	1734349322.000;	    err32
20241216;	124207;	1734349327.000;	    err32
20241216;	124212;	1734349332.000;	    err32
20241216;	124217;	1734349337.000;	    err32
20241216;	124222;	1734349342.000;	    err32
20241216;	124227;	1734349347.000;	    err32
20241216;	124232;	1734349352.000;	    err32
20241216;	124237;	1734349357.000;	    err32
20241216;	124242;	1734349362.000;	    err32
20241216;	124247;	1734349367.000;	    err32
20241216;	124252;	1734349372.000;	    err32
20241216;	124257;	1734349377.000;	    err32
20241216;	124302;	1734349382.000;	    err32
20241216;	124307;	1734349387.000;	    err32
20241216;	124312;	1734349392.000;	    err32
20241216;	124317;	1734349397.000;	    err32
20241216;	124322;	1734349402.000;	    err32
20241216;	124327;	1734349407.000;	    err32
20241216;	124332;	1734349412.000;	    err32
20241216;	124337;	1734349417.000;	    err32
20241216;	124342;	1734349422.000;	    err32
20241216;	124347;	1734349427.000;	    err32
20241216;	124352;	1734349432.000;	    err32
20241216;	124357;	1734349437.000;	    err32
20241216;	124402;	1734349442.000;	    err32
20241216;	124407;	1734349447.000;	    err32
20241216;	124412;	1734349452.000;	    err32
20241216;	124417;	1734349457.000;	    err32
20241216;	124422;	1734349462.000;	    err32
20241216;	124427;	1734349467.000;	    err32
20241216;	124432;	1734349472.000;	    err32
20241216;	124437;	1734349477.000;	    err32
20241216;	124442;	1734349482.000;	    err32
20241216;	124447;	1734349487.000;	    err32
20241216;	124452;	1734349492.000;	    err32
20241216;	124457;	1734349497.000;	    err32
20241216;	124502;	1734349502.000;	    err32
20241216;	124507;	1734349507.000;	    err32
20241216;	124512;	1734349512.000;	    err32
20241216;	124517;	1734349517.000;	    err32
20241216;	124522;	1734349522.000;	    err32
20241216;	124527;	1734349527.000;	    err32
20241216;	124532;	1734349532.000;	    err32
20241216;	124537;	1734349537.000;	    err32
20241216;	124542;	1734349542.000;	    err32
20241216;	124547;	1734349547.000;	    err32
20241216;	124552;	1734349552.000;	    err32
20241216;	124557;	1734349557.000;	    err32
20241216;	124602;	1734349562.000;	    err32
20241216;	124607;	1734349567.000;	    err32
20241216;	124612;	1734349572.000;	    err32
20241216;	124617;	1734349577.000;	    err32
20241216;	124622;	1734349582.000;	    err32
20241216;	124627;	1734349587.000;	    err32
20241216;	124632;	1734349592.000;	    err32
20241216;	124637;	1734349597.000;	    err32
20241216;	124642;	1734349602.000;	    err32
20241216;	124647;	1734349607.000;	    err32
20241216;	124652;	1734349612.000;	    err32
20241216;	124657;	1734349617.000;	    err32
20241216;	124702;	1734349622.000;	    err32
20241216;	124707;	1734349627.000;	    err32
20241216;	124712;	1734349632.000;	    err32
20241216;	124717;	1734349637.000;	    err32
20241216;	124722;	1734349642.000;	    err32
20241216;	124727;	1734349647.000;	    err32
20241216;	124732;	1734349652.000;	    err32
20241216;	124737;	1734349657.000;	    err32
20241216;	124742;	1734349662.000;	    err32
20241216;	124747;	1734349667.000;	    err32
20241216;	124752;	1734349672.000;	    err32
20241216;	124757;	1734349677.000;	    err32
20241216;	124802;	1734349682.000;	    err32
20241216;	124807;	1734349687.000;	    err32
20241216;	124812;	1734349692.000;	    err32
20241216;	124817;	1734349697.000;	    err32
20241216;	124822;	1734349702.000;	    err32
20241216;	124827;	1734349707.000;	    err32
20241216;	124832;	1734349712.000;	    err32
20241216;	124837;	1734349717.000;	    err32
20241216;	124842;	1734349722.000;	    err32
20241216;	124847;	1734349727.000;	    err32
20241216;	124852;	1734349732.000;	    err32
20241216;	124857;	1734349737.000;	    err32
20241216;	124902;	1734349742.000;	    err32
20241216;	124907;	1734349747.000;	    err32
20241216;	124912;	1734349752.000;	    err32
20241216;	124917;	1734349757.000;	    err32
20241216;	124922;	1734349762.000;	    err32
20241216;	124927;	1734349767.000;	    err32
20241216;	124932;	1734349772.000;	    err32
20241216;	124937;	1734349777.000;	    err32
20241216;	124942;	1734349782.000;	    err32
20241216;	124947;	1734349787.000;	    err32
20241216;	124952;	1734349792.000;	    err32
20241216;	124957;	1734349797.000;	    err32
20241216;	125002;	1734349802.000;	    err32
20241216;	125007;	1734349807.000;	    err32
20241216;	125012;	1734349812.000;	    err32
20241216;	125017;	1734349817.000;	    err32
20241216;	125022;	1734349822.000;	    err32
20241216;	125027;	1734349827.000;	    err32
20241216;	125032;	1734349832.000;	    err32
20241216;	125037;	1734349837.000;	    err32
20241216;	125042;	1734349842.000;	    err32
20241216;	125047;	1734349847.000;	    err32
20241216;	125052;	1734349852.000;	    err32
20241216;	125057;	1734349857.000;	    err32
20241216;	125102;	1734349862.000;	    err32
20241216;	125107;	1734349867.000;	    err32
20241216;	125112;	1734349872.000;	    err32
20241216;	125117;	1734349877.000;	    err32
20241216;	125122;	1734349882.000;	    err32
20241216;	125127;	1734349887.000;	    err32
20241216;	125132;	1734349892.000;	    err32
20241216;	125137;	1734349897.000;	    err32
20241216;	125142;	1734349902.000;	    err32
20241216;	125147;	1734349907.000;	    err32
20241216;	125152;	1734349912.000;	    err32
20241216;	125157;	1734349917.000;	    err32
20241216;	125202;	1734349922.000;	    err32
20241216;	125207;	1734349927.000;	    err32
20241216;	125212;	1734349932.000;	    err32
20241216;	125217;	1734349937.000;	    err32
20241216;	125222;	1734349942.000;	    err32
20241216;	125227;	1734349947.000;	    err32
20241216;	125232;	1734349952.000;	    err32
20241216;	125237;	1734349957.000;	    err32
20241216;	125242;	1734349962.000;	    err32
20241216;	125247;	1734349967.000;	    err32
20241216;	125252;	1734349972.000;	    err32
20241216;	125257;	1734349977.000;	    err32
20241216;	125302;	1734349982.000;	    err32
20241216;	125307;	1734349987.000;	    err32
20241216;	125312;	1734349992.000;	    err32
20241216;	125317;	1734349997.000;	    err32
20241216;	125322;	1734350002.000;	    err32
20241216;	125327;	1734350007.000;	    err32
20241216;	125332;	1734350012.000;	    err32
20241216;	125337;	1734350017.000;	    err32
20241216;	125342;	1734350022.000;	    err32
20241216;	125347;	1734350027.000;	    err32
20241216;	125352;	1734350032.000;	    err32
20241216;	125357;	1734350037.000;	    err32
20241216;	125402;	1734350042.000;	    err32
20241216;	125407;	1734350047.000;	    err32
20241216;	125412;	1734350052.000;	    err32
20241216;	125417;	1734350057.000;	    err32
20241216;	125422;	1734350062.000;	    err32
20241216;	125427;	1734350067.000;	    err32
20241216;	125432;	1734350072.000;	    err32
20241216;	125437;	1734350077.000;	    err32
20241216;	125442;	1734350082.000;	    err32
20241216;	125447;	1734350087.000;	    err32
20241216;	125452;	1734350092.000;	    err32
20241216;	125457;	1734350097.000;	    err32
20241216;	125502;	1734350102.000;	    err32
20241216;	125507;	1734350107.000;	    err32
20241216;	125512;	1734350112.000;	    err32
20241216;	125517;	1734350117.000;	    err32
20241216;	125522;	1734350122.000;	    err32
20241216;	125527;	1734350127.000;	    err32
20241216;	125532;	1734350132.000;	    err32
20241216;	125537;	1734350137.000;	    err32
20241216;	125542;	1734350142.000;	    err32
20241216;	125547;	1734350147.000;	    err32
20241216;	125552;	1734350152.000;	    err32
20241216;	125557;	1734350157.000;	    err32
20241216;	125602;	1734350162.000;	    err32
20241216;	125607;	1734350167.000;	    err32
20241216;	125612;	1734350172.000;	    err32
20241216;	125617;	1734350177.000;	    err32
20241216;	125622;	1734350182.000;	    err32
20241216;	125627;	1734350187.000;	    err32
20241216;	125632;	1734350192.000;	    err32
20241216;	125637;	1734350197.000;	    err32
20241216;	125642;	1734350202.000;	    err32
20241216;	125647;	1734350207.000;	    err32
20241216;	125652;	1734350212.000;	    err32
20241216;	125657;	1734350217.000;	    err32
20241216;	125702;	1734350222.000;	    err32
20241216;	125707;	1734350227.000;	    err32
20241216;	125712;	1734350232.000;	    err32
20241216;	125717;	1734350237.000;	    err32
20241216;	125722;	1734350242.000;	    err32
20241216;	125727;	1734350247.000;	    err32
20241216;	125732;	1734350252.000;	    err32
20241216;	125737;	1734350257.000;	    err32
20241216;	125742;	1734350262.000;	    err32
20241216;	125747;	1734350267.000;	    err32
20241216;	125752;	1734350272.000;	    err32
20241216;	125757;	1734350277.000;	    err32
20241216;	125802;	1734350282.000;	    err32
20241216;	125807;	1734350287.000;	    err32
20241216;	125812;	1734350292.000;	    err32
20241216;	125817;	1734350297.000;	    err32
20241216;	125822;	1734350302.000;	    err32
20241216;	125827;	1734350307.000;	    err32
20241216;	125832;	1734350312.000;	    err32
20241216;	125837;	1734350317.000;	    err32
20241216;	125842;	1734350322.000;	    err32
20241216;	125847;	1734350327.000;	    err32
20241216;	125852;	1734350332.000;	    err32
20241216;	125857;	1734350337.000;	    err32
20241216;	125902;	1734350342.000;	    err32
20241216;	125907;	1734350347.000;	    err32
20241216;	125912;	1734350352.000;	    err32
20241216;	125917;	1734350357.000;	    err32
20241216;	125922;	1734350362.000;	    err32
20241216;	125927;	1734350367.000;	    err32
20241216;	125932;	1734350372.000;	    err32
20241216;	125937;	1734350377.000;	    err32
20241216;	125942;	1734350382.000;	    err32
20241216;	125947;	1734350387.000;	    err32
20241216;	125952;	1734350392.000;	    err32
20241216;	125957;	1734350397.000;	    err32
20241216;	130002;	1734350402.000;	    err32
20241216;	130007;	1734350407.000;	    err32
20241216;	130012;	1734350412.000;	    err32
20241216;	130017;	1734350417.000;	    err32
20241216;	130022;	1734350422.000;	    err32
20241216;	130027;	1734350427.000;	    err32
20241216;	130032;	1734350432.000;	    err32
20241216;	130037;	1734350437.000;	    err32
20241216;	130042;	1734350442.000;	    err32
20241216;	130047;	1734350447.000;	    err32
20241216;	130052;	1734350452.000;	    err32
20241216;	130057;	1734350457.000;	    err32
20241216;	130102;	1734350462.000;	    err32
20241216;	130107;	1734350467.000;	    err32
20241216;	130112;	1734350472.000;	    err32
20241216;	130117;	1734350477.000;	    err32
20241216;	130122;	1734350482.000;	    err32
20241216;	130127;	1734350487.000;	    err32
20241216;	130132;	1734350492.000;	    err32
20241216;	130137;	1734350497.000;	    err32
20241216;	130142;	1734350502.000;	    err32
20241216;	130147;	1734350507.000;	    err32
20241216;	130152;	1734350512.000;	    err32
20241216;	130157;	1734350517.000;	    err32
20241216;	130202;	1734350522.000;	    err32
20241216;	130207;	1734350527.000;	    err32
20241216;	130212;	1734350532.000;	    err32
20241216;	130217;	1734350537.000;	    err32
20241216;	130222;	1734350542.000;	    err32
20241216;	130227;	1734350547.000;	    err32
20241216;	130232;	1734350552.000;	    err32
20241216;	130237;	1734350557.000;	    err32
20241216;	130242;	1734350562.000;	    err32
20241216;	130247;	1734350567.000;	    err32
20241216;	130252;	1734350572.000;	    err32
20241216;	130257;	1734350577.000;	    err32
20241216;	130302;	1734350582.000;	    err32
20241216;	130307;	1734350587.000;	    err32
20241216;	130312;	1734350592.000;	    err32
20241216;	130317;	1734350597.000;	    err32
20241216;	130322;	1734350602.000;	    err32
20241216;	130327;	1734350607.000;	    err32
20241216;	130332;	1734350612.000;	    err32
20241216;	130337;	1734350617.000;	    err32
20241216;	130342;	1734350622.000;	    err32
20241216;	130347;	1734350627.000;	    err32
20241216;	130352;	1734350632.000;	    err32
20241216;	130357;	1734350637.000;	    err32
20241216;	130402;	1734350642.000;	    err32
20241216;	130407;	1734350647.000;	    err32
20241216;	130412;	1734350652.000;	    err32
20241216;	130417;	1734350657.000;	    err32
20241216;	130422;	1734350662.000;	    err32
20241216;	130427;	1734350667.000;	    err32
20241216;	130432;	1734350672.000;	    err32
20241216;	130437;	1734350677.000;	    err32
20241216;	130442;	1734350682.000;	    err32
20241216;	130447;	1734350687.000;	    err32
20241216;	130452;	1734350692.000;	    err32
20241216;	130457;	1734350697.000;	    err32
20241216;	130502;	1734350702.000;	    err32
20241216;	130507;	1734350707.000;	    err32
20241216;	130512;	1734350712.000;	    err32
20241216;	130517;	1734350717.000;	    err32
20241216;	130522;	1734350722.000;	    err32
20241216;	130527;	1734350727.000;	    err32
20241216;	130532;	1734350732.000;	    err32
20241216;	130537;	1734350737.000;	    err32
20241216;	130542;	1734350742.000;	    err32
20241216;	130547;	1734350747.000;	    err32
20241216;	130552;	1734350752.000;	    err32
20241216;	130557;	1734350757.000;	    err32
20241216;	130602;	1734350762.000;	    err32
20241216;	130607;	1734350767.000;	    err32
20241216;	130612;	1734350772.000;	    err32
20241216;	130617;	1734350777.000;	    err32
20241216;	130622;	1734350782.000;	    err32
20241216;	130627;	1734350787.000;	    err32
20241216;	130632;	1734350792.000;	    err32
20241216;	130637;	1734350797.000;	    err32
20241216;	130642;	1734350802.000;	    err32
20241216;	130647;	1734350807.000;	    err32
20241216;	130652;	1734350812.000;	    err32
20241216;	130657;	1734350817.000;	    err32
20241216;	130702;	1734350822.000;	    err32
20241216;	130707;	1734350827.000;	    err32
20241216;	130712;	1734350832.000;	    err32
20241216;	130717;	1734350837.000;	    err32
20241216;	130722;	1734350842.000;	    err32
20241216;	130727;	1734350847.000;	    err32
20241216;	130732;	1734350852.000;	    err32
20241216;	130737;	1734350857.000;	    err32
20241216;	130742;	1734350862.000;	    err32
20241216;	130747;	1734350867.000;	    err32
20241216;	130752;	1734350872.000;	    err32
20241216;	130757;	1734350877.000;	    err32
20241216;	130802;	1734350882.000;	    err32
20241216;	130807;	1734350887.000;	    err32
20241216;	130812;	1734350892.000;	    err32
20241216;	130817;	1734350897.000;	    err32
20241216;	130822;	1734350902.000;	    err32
20241216;	130827;	1734350907.000;	    err32
20241216;	130832;	1734350912.000;	    err32
20241216;	130837;	1734350917.000;	    err32
20241216;	130842;	1734350922.000;	    err32
20241216;	130847;	1734350927.000;	    err32
20241216;	130852;	1734350932.000;	    err32
20241216;	130857;	1734350937.000;	    err32
20241216;	130902;	1734350942.000;	    err32
20241216;	130907;	1734350947.000;	    err32
20241216;	130912;	1734350952.000;	    err32
20241216;	130917;	1734350957.000;	    err32
20241216;	130922;	1734350962.000;	    err32
20241216;	130927;	1734350967.000;	    err32
20241216;	130932;	1734350972.000;	    err32
20241216;	130937;	1734350977.000;	    err32
20241216;	130942;	1734350982.000;	    err32
20241216;	130947;	1734350987.000;	    err32
20241216;	130952;	1734350992.000;	    err32
20241216;	130957;	1734350997.000;	    err32
20241216;	131002;	1734351002.000;	    err32
20241216;	131007;	1734351007.000;	    err32
20241216;	131012;	1734351012.000;	    err32
20241216;	131017;	1734351017.000;	    err32
20241216;	131022;	1734351022.000;	    err32
20241216;	131027;	1734351027.000;	    err32
20241216;	131032;	1734351032.000;	    err32
20241216;	131037;	1734351037.000;	    err32
20241216;	131042;	1734351042.000;	    err32
20241216;	131047;	1734351047.000;	    err32
20241216;	131052;	1734351052.000;	    err32
20241216;	131057;	1734351057.000;	    err32
20241216;	131102;	1734351062.000;	    err32
20241216;	131107;	1734351067.000;	    err32
20241216;	131112;	1734351072.000;	    err32
20241216;	131117;	1734351077.000;	    err32
20241216;	131122;	1734351082.000;	    err32
20241216;	131127;	1734351087.000;	    err32
20241216;	131132;	1734351092.000;	    err32
20241216;	131137;	1734351097.000;	    err32
20241216;	131142;	1734351102.000;	    err32
20241216;	131147;	1734351107.000;	    err32
20241216;	131152;	1734351112.000;	    err32
20241216;	131157;	1734351117.000;	    err32
20241216;	131202;	1734351122.000;	    err32
20241216;	131207;	1734351127.000;	    err32
20241216;	131212;	1734351132.000;	    err32
20241216;	131217;	1734351137.000;	    err32
20241216;	131222;	1734351142.000;	    err32
20241216;	131227;	1734351147.000;	    err32
20241216;	131232;	1734351152.000;	    err32
20241216;	131237;	1734351157.000;	    err32
20241216;	131242;	1734351162.000;	    err32
20241216;	131247;	1734351167.000;	    err32
20241216;	131252;	1734351172.000;	    err32
20241216;	131257;	1734351177.000;	    err32
20241216;	131302;	1734351182.000;	    err32
20241216;	131307;	1734351187.000;	    err32
20241216;	131312;	1734351192.000;	    err32
20241216;	131317;	1734351197.000;	    err32
20241216;	131322;	1734351202.000;	    err32
20241216;	131327;	1734351207.000;	    err32
20241216;	131332;	1734351212.000;	    err32
20241216;	131337;	1734351217.000;	    err32
20241216;	131342;	1734351222.000;	    err32
20241216;	131347;	1734351227.000;	    err32
20241216;	131352;	1734351232.000;	    err32
20241216;	131357;	1734351237.000;	    err32
20241216;	131402;	1734351242.000;	    err32
20241216;	131407;	1734351247.000;	    err32
20241216;	131412;	1734351252.000;	    err32
20241216;	131417;	1734351257.000;	    err32
20241216;	131422;	1734351262.000;	    err32
20241216;	131427;	1734351267.000;	    err32
20241216;	131432;	1734351272.000;	    err32
20241216;	131437;	1734351277.000;	    err32
20241216;	131442;	1734351282.000;	    err32
20241216;	131447;	1734351287.000;	    err32
20241216;	131452;	1734351292.000;	    err32
20241216;	131457;	1734351297.000;	    err32
20241216;	131502;	1734351302.000;	    err32
20241216;	131507;	1734351307.000;	    err32
20241216;	131512;	1734351312.000;	    err32
20241216;	131517;	1734351317.000;	    err32
20241216;	131522;	1734351322.000;	    err32
20241216;	131527;	1734351327.000;	    err32
20241216;	131532;	1734351332.000;	    err32
20241216;	131537;	1734351337.000;	    err32
20241216;	131542;	1734351342.000;	    err32
20241216;	131547;	1734351347.000;	    err32
20241216;	131552;	1734351352.000;	    err32
20241216;	131557;	1734351357.000;	    err32
20241216;	131602;	1734351362.000;	    err32
20241216;	131607;	1734351367.000;	    err32
20241216;	131612;	1734351372.000;	    err32
20241216;	131617;	1734351377.000;	    err32
20241216;	131622;	1734351382.000;	    err32
20241216;	131627;	1734351387.000;	    err32
20241216;	131632;	1734351392.000;	    err32
20241216;	131637;	1734351397.000;	    err32
20241216;	131642;	1734351402.000;	    err32
20241216;	131647;	1734351407.000;	    err32
20241216;	131652;	1734351412.000;	    err32
20241216;	131657;	1734351417.000;	    err32
20241216;	131702;	1734351422.000;	    err32
20241216;	131707;	1734351427.000;	    err32
20241216;	131712;	1734351432.000;	    err32
20241216;	131717;	1734351437.000;	    err32
20241216;	131722;	1734351442.000;	    err32
20241216;	131727;	1734351447.000;	    err32
20241216;	131732;	1734351452.000;	    err32
20241216;	131737;	1734351457.000;	    err32
20241216;	131742;	1734351462.000;	    err32
20241216;	131747;	1734351467.000;	    err32
20241216;	131752;	1734351472.000;	    err32
20241216;	131757;	1734351477.000;	    err32
20241216;	131802;	1734351482.000;	    err32
20241216;	131807;	1734351487.000;	    err32
20241216;	131812;	1734351492.000;	    err32
20241216;	131817;	1734351497.000;	    err32
20241216;	131822;	1734351502.000;	    err32
20241216;	131827;	1734351507.000;	    err32
20241216;	131832;	1734351512.000;	    err32
20241216;	131837;	1734351517.000;	    err32
20241216;	131842;	1734351522.000;	    err32
20241216;	131847;	1734351527.000;	    err32
20241216;	131852;	1734351532.000;	    err32
20241216;	131857;	1734351537.000;	    err32
20241216;	131902;	1734351542.000;	    err32
20241216;	131907;	1734351547.000;	    err32
20241216;	131912;	1734351552.000;	    err32
20241216;	131917;	1734351557.000;	    err32
20241216;	131922;	1734351562.000;	    err32
20241216;	131927;	1734351567.000;	    err32
20241216;	131932;	1734351572.000;	    err32
20241216;	131937;	1734351577.000;	    err32
20241216;	131942;	1734351582.000;	    err32
20241216;	131947;	1734351587.000;	    err32
20241216;	131952;	1734351592.000;	    err32
20241216;	131957;	1734351597.000;	    err32
20241216;	132002;	1734351602.000;	    err32
20241216;	132007;	1734351607.000;	    err32
20241216;	132012;	1734351612.000;	    err32
20241216;	132017;	1734351617.000;	    err32
20241216;	132022;	1734351622.000;	    err32
20241216;	132027;	1734351627.000;	    err32
20241216;	132032;	1734351632.000;	    err32
20241216;	132037;	1734351637.000;	    err32
20241216;	132042;	1734351642.000;	    err32
20241216;	132047;	1734351647.000;	    err32
20241216;	132052;	1734351652.000;	    err32
20241216;	132057;	1734351657.000;	    err32
20241216;	132102;	1734351662.000;	    err32
20241216;	132107;	1734351667.000;	    err32
20241216;	132112;	1734351672.000;	    err32
20241216;	132117;	1734351677.000;	    err32
20241216;	132122;	1734351682.000;	    err32
20241216;	132127;	1734351687.000;	    err32
20241216;	132132;	1734351692.000;	    err32
20241216;	132137;	1734351697.000;	    err32
20241216;	132142;	1734351702.000;	    err32
20241216;	132147;	1734351707.000;	    err32
20241216;	132152;	1734351712.000;	    err32
20241216;	132157;	1734351717.000;	    err32
20241216;	132202;	1734351722.000;	    err32
20241216;	132207;	1734351727.000;	    err32
20241216;	132212;	1734351732.000;	    err32
20241216;	132217;	1734351737.000;	    err32
20241216;	132222;	1734351742.000;	    err32
20241216;	132227;	1734351747.000;	    err32
20241216;	132232;	1734351752.000;	    err32
20241216;	132237;	1734351757.000;	    err32
20241216;	132242;	1734351762.000;	    err32
20241216;	132247;	1734351767.000;	    err32
20241216;	132252;	1734351772.000;	    err32
20241216;	132257;	1734351777.000;	    err32
20241216;	132302;	1734351782.000;	    err32
20241216;	132307;	1734351787.000;	    err32
20241216;	132312;	1734351792.000;	    err32
20241216;	132317;	1734351797.000;	    err32
20241216;	132322;	1734351802.000;	    err32
20241216;	132327;	1734351807.000;	    err32
20241216;	132332;	1734351812.000;	    err32
20241216;	132337;	1734351817.000;	    err32
20241216;	132342;	1734351822.000;	    err32
20241216;	132347;	1734351827.000;	    err32
20241216;	132352;	1734351832.000;	    err32
20241216;	132357;	1734351837.000;	    err32
20241216;	132402;	1734351842.000;	    err32
20241216;	132407;	1734351847.000;	    err32
20241216;	132412;	1734351852.000;	    err32
20241216;	132417;	1734351857.000;	    err32
20241216;	132422;	1734351862.000;	    err32
20241216;	132427;	1734351867.000;	    err32
20241216;	132432;	1734351872.000;	    err32
20241216;	132437;	1734351877.000;	    err32
20241216;	132442;	1734351882.000;	    err32
20241216;	132447;	1734351887.000;	    err32
20241216;	132452;	1734351892.000;	    err32
20241216;	132457;	1734351897.000;	    err32
20241216;	132502;	1734351902.000;	    err32
20241216;	132507;	1734351907.000;	    err32
20241216;	132512;	1734351912.000;	    err32
20241216;	132517;	1734351917.000;	    err32
20241216;	132522;	1734351922.000;	    err32
20241216;	132527;	1734351927.000;	    err32
20241216;	132532;	1734351932.000;	    err32
20241216;	132537;	1734351937.000;	    err32
20241216;	132542;	1734351942.000;	    err32
20241216;	132547;	1734351947.000;	    err32
20241216;	132552;	1734351952.000;	    err32
20241216;	132557;	1734351957.000;	    err32
20241216;	132602;	1734351962.000;	    err32
20241216;	132607;	1734351967.000;	    err32
20241216;	132612;	1734351972.000;	    err32
20241216;	132617;	1734351977.000;	    err32
20241216;	132622;	1734351982.000;	    err32
20241216;	132627;	1734351987.000;	    err32
20241216;	132632;	1734351992.000;	    err32
20241216;	132637;	1734351997.000;	    err32
20241216;	132642;	1734352002.000;	    err32
20241216;	132647;	1734352007.000;	    err32
20241216;	132652;	1734352012.000;	    err32
20241216;	132657;	1734352017.000;	    err32
20241216;	132702;	1734352022.000;	    err32
20241216;	132707;	1734352027.000;	    err32
20241216;	132712;	1734352032.000;	    err32
20241216;	132717;	1734352037.000;	    err32
20241216;	132722;	1734352042.000;	    err32
20241216;	132727;	1734352047.000;	    err32
20241216;	132732;	1734352052.000;	    err32
20241216;	132737;	1734352057.000;	    err32
20241216;	132742;	1734352062.000;	    err32
20241216;	132747;	1734352067.000;	    err32
20241216;	132752;	1734352072.000;	    err32
20241216;	132757;	1734352077.000;	    err32
20241216;	132802;	1734352082.000;	    err32
20241216;	132807;	1734352087.000;	    err32
20241216;	132812;	1734352092.000;	    err32
20241216;	132817;	1734352097.000;	    err32
20241216;	132822;	1734352102.000;	    err32
20241216;	132827;	1734352107.000;	    err32
20241216;	132832;	1734352112.000;	    err32
20241216;	132837;	1734352117.000;	    err32
20241216;	132842;	1734352122.000;	    err32
20241216;	132847;	1734352127.000;	    err32
20241216;	132852;	1734352132.000;	    err32
20241216;	132857;	1734352137.000;	    err32
20241216;	132902;	1734352142.000;	    err32
20241216;	132907;	1734352147.000;	    err32
20241216;	132912;	1734352152.000;	   +2.541
20241216;	132917;	1734352157.000;	   +0.099
20241216;	132922;	1734352162.000;	   +0.088
20241216;	132927;	1734352167.000;	   +0.083
20241216;	132932;	1734352172.000;	   +0.091
20241216;	132937;	1734352177.000;	   +0.084
20241216;	132942;	1734352182.000;	   +0.101
20241216;	132947;	1734352187.000;	   +0.089
20241216;	132952;	1734352192.000;	   +0.079
20241216;	132957;	1734352197.000;	   +0.088
20241216;	133002;	1734352202.000;	   +0.090
20241216;	133007;	1734352207.000;	   +0.092
20241216;	133012;	1734352212.000;	   +0.100
20241216;	133017;	1734352217.000;	   +0.088
20241216;	133022;	1734352222.000;	   +0.084
20241216;	133027;	1734352227.000;	   +0.088
20241216;	133032;	1734352232.000;	   +0.092
20241216;	133037;	1734352237.000;	   +0.100
20241216;	133042;	1734352242.000;	   +0.096
20241216;	133047;	1734352247.000;	   +0.082
20241216;	133052;	1734352252.000;	   +0.089
20241216;	133057;	1734352257.000;	   +0.087
20241216;	133102;	1734352262.000;	   +0.090
20241216;	133107;	1734352267.000;	   +0.100
20241216;	133112;	1734352272.000;	   +0.091
20241216;	133117;	1734352277.000;	   +0.084
20241216;	133122;	1734352282.000;	   +0.091
20241216;	133127;	1734352287.000;	   +0.094
20241216;	133132;	1734352292.000;	   +0.094
20241216;	133137;	1734352297.000;	   +0.094
20241216;	133142;	1734352302.000;	   +0.081
20241216;	133147;	1734352307.000;	   +0.088
20241216;	133152;	1734352312.000;	   +0.085
20241216;	133157;	1734352317.000;	   +0.088
20241216;	133202;	1734352322.000;	   +0.101
20241216;	133207;	1734352327.000;	   +0.088
20241216;	133212;	1734352332.000;	   +0.076
20241216;	133217;	1734352337.000;	   +0.089
20241216;	133222;	1734352342.000;	   +0.085
20241216;	133227;	1734352347.000;	   +0.092
20241216;	133232;	1734352352.000;	   +0.086
20241216;	133237;	1734352357.000;	   +0.083
20241216;	133242;	1734352362.000;	   +0.089
20241216;	133247;	1734352367.000;	   +0.089
20241216;	133252;	1734352372.000;	   +0.085
20241216;	133257;	1734352377.000;	   +0.094
20241216;	133302;	1734352382.000;	   +0.087
20241216;	133307;	1734352387.000;	   +0.080
20241216;	133312;	1734352392.000;	   +0.091
20241216;	133317;	1734352397.000;	   +0.085
20241216;	133322;	1734352402.000;	   +0.092
20241216;	133327;	1734352407.000;	   +0.088
20241216;	133332;	1734352412.000;	   +0.092
20241216;	133337;	1734352417.000;	   +0.111
20241216;	133342;	1734352422.000;	   +0.081
20241216;	133347;	1734352427.000;	   +0.096
20241216;	133352;	1734352432.000;	   +0.084
20241216;	133357;	1734352437.000;	   +0.091
20241216;	133402;	1734352442.000;	   +0.074
20241216;	133407;	1734352447.000;	   +0.087
20241216;	133412;	1734352452.000;	   +0.094
20241216;	133417;	1734352457.000;	   +0.089
20241216;	133422;	1734352462.000;	   +0.103
20241216;	133427;	1734352467.000;	   +0.087
20241216;	133432;	1734352472.000;	   +0.083
20241216;	133437;	1734352477.000;	   +0.091
20241216;	133442;	1734352482.000;	   +0.088
20241216;	133447;	1734352487.000;	   +0.095
20241216;	133452;	1734352492.000;	   +0.095
20241216;	133457;	1734352497.000;	   +0.084
20241216;	133502;	1734352502.000;	   +0.090
20241216;	133507;	1734352507.000;	   +0.088
20241216;	133512;	1734352512.000;	   +0.086
20241216;	133517;	1734352517.000;	   +0.098
20241216;	133522;	1734352522.000;	   +0.087
20241216;	133527;	1734352527.000;	   +0.080
20241216;	133532;	1734352532.000;	   +0.088
20241216;	133537;	1734352537.000;	   +0.090
20241216;	133542;	1734352542.000;	   +0.096
20241216;	133547;	1734352547.000;	   +0.094
20241216;	133552;	1734352552.000;	   +0.079
20241216;	133557;	1734352557.000;	   +0.087
20241216;	133602;	1734352562.000;	   +0.091
20241216;	133607;	1734352567.000;	   +0.089
20241216;	133612;	1734352572.000;	   +0.101
20241216;	133617;	1734352577.000;	   +0.092
20241216;	133622;	1734352582.000;	   +0.080
20241216;	133627;	1734352587.000;	   +0.088
20241216;	133632;	1734352592.000;	   +0.085
20241216;	133637;	1734352597.000;	   +0.094
20241216;	133642;	1734352602.000;	   +0.093
20241216;	133647;	1734352607.000;	   +0.082
20241216;	133652;	1734352612.000;	   +0.085
20241216;	133657;	1734352617.000;	   +0.091
20241216;	133702;	1734352622.000;	   +0.088
20241216;	133707;	1734352627.000;	   +0.102
20241216;	133712;	1734352632.000;	   +0.088
20241216;	133717;	1734352637.000;	   +0.079
20241216;	133722;	1734352642.000;	   +0.088
20241216;	133727;	1734352647.000;	   +0.089
20241216;	133732;	1734352652.000;	   +0.089
20241216;	133737;	1734352657.000;	   +0.094
20241216;	133742;	1734352662.000;	   +0.086
20241216;	133747;	1734352667.000;	   +0.087
20241216;	133752;	1734352672.000;	   +0.094
20241216;	133757;	1734352677.000;	   +0.091
20241216;	133802;	1734352682.000;	   +0.106
20241216;	133807;	1734352687.000;	   +0.104
20241216;	133812;	1734352692.000;	   +0.097
20241216;	133817;	1734352697.000;	   +0.108
20241216;	133822;	1734352702.000;	   +0.106
20241216;	133827;	1734352707.000;	   +0.106
20241216;	133832;	1734352712.000;	   +0.118
20241216;	133837;	1734352717.000;	   +0.280
20241216;	133842;	1734352722.000;	   +0.164
20241216;	133847;	1734352727.000;	   +0.177
20241216;	133852;	1734352732.000;	   +0.175
20241216;	133857;	1734352737.000;	   +0.187
20241216;	133902;	1734352742.000;	   +0.180
20241216;	133907;	1734352747.000;	   +0.159
20241216;	133912;	1734352752.000;	   +0.177
20241216;	133917;	1734352757.000;	   +0.181
20241216;	133922;	1734352762.000;	   +0.180
20241216;	133927;	1734352767.000;	   +0.187
20241216;	133932;	1734352772.000;	   +0.182
20241216;	133937;	1734352777.000;	   +0.173
20241216;	133942;	1734352782.000;	   +0.179
20241216;	133947;	1734352787.000;	   +0.171
20241216;	133952;	1734352792.000;	   +0.171
20241216;	133957;	1734352797.000;	   +0.176
20241216;	134002;	1734352802.000;	   +0.162
20241216;	134007;	1734352807.000;	   +0.169
20241216;	134012;	1734352812.000;	   +0.175
20241216;	134017;	1734352817.000;	   +0.171
20241216;	134022;	1734352822.000;	   +0.189
20241216;	134027;	1734352827.000;	   +0.172
20241216;	134032;	1734352832.000;	   +0.166
20241216;	134037;	1734352837.000;	   +0.167
20241216;	134042;	1734352842.000;	   +0.171
20241216;	134047;	1734352847.000;	   +0.174
