#ies_format_version: 1.0
#file: 20241217_5000_2000.dat
#file_info: generated by AsciiLoger of OpenMUC
#timezone: + 1
#timestep_sec: 5.0
#col_no;	col_name;	confidential;	measured;	unit;	category;	comment
#001;	YYYYMMDD;	FALSE;	FALSE;	0;	time;	INTEGER,8. Date [human readable]
#002;	hhmmss;	FALSE;	FALSE;	0;	time;	SHORT,6. Time [human readable]
#003;	unixtimestamp;	FALSE;	FALSE;	s;	time;	DOUBLE,14. lapsed seconds from 01-01-1970
#004;	power_self_consumption;	FALSE;	TRUE;	kW;	other;	DOUBLE,9. test
YYYYMMDD;	hhmmss;	unixtimestamp;	power_self_consumption
20241217;	141832;	1734441512.000;	   +0.712
20241217;	141837;	1734441517.000;	   +0.726
20241217;	141842;	1734441522.000;	   +0.730
20241217;	141847;	1734441527.000;	   +0.728
20241217;	141852;	1734441532.000;	   +0.721
20241217;	141857;	1734441537.000;	   +0.016
20241217;	141902;	1734441542.000;	   +0.699
20241217;	141907;	1734441547.000;	   +0.709
20241217;	141912;	1734441552.000;	   +0.709
20241217;	141917;	1734441557.000;	   +0.709
20241217;	141922;	1734441562.000;	   +0.712
20241217;	141927;	1734441567.000;	   +0.714
20241217;	141932;	1734441572.000;	   +0.726
20241217;	141937;	1734441577.000;	   +2.061
20241217;	141942;	1734441582.000;	   +0.480
20241217;	141947;	1734441587.000;	   +0.242
20241217;	141952;	1734441592.000;	   +0.315
20241217;	141957;	1734441597.000;	   +1.500
20241217;	142002;	1734441602.000;	   +0.821
20241217;	142007;	1734441607.000;	   +0.736
20241217;	142012;	1734441612.000;	   +0.714
20241217;	142017;	1734441617.000;	   +0.679
20241217;	142022;	1734441622.000;	   +0.420
20241217;	142027;	1734441627.000;	   +0.694
20241217;	142032;	1734441632.000;	   +0.692
20241217;	142037;	1734441637.000;	   +0.694
20241217;	142042;	1734441642.000;	    err32
20241217;	142047;	1734441647.000;	    err32
20241217;	142052;	1734441652.000;	    err32
20241217;	142057;	1734441657.000;	    err32
20241217;	142102;	1734441662.000;	    err32
20241217;	142107;	1734441667.000;	    err32
20241217;	142112;	1734441672.000;	    err32
20241217;	142117;	1734441677.000;	    err32
20241217;	142122;	1734441682.000;	    err32
20241217;	142127;	1734441687.000;	   +0.980
20241217;	142132;	1734441692.000;	   +1.304
20241217;	142137;	1734441697.000;	   +0.759
20241217;	142142;	1734441702.000;	   +0.714
20241217;	142147;	1734441707.000;	   +0.705
20241217;	142152;	1734441712.000;	   +1.026
20241217;	142157;	1734441717.000;	   +0.729
20241217;	142202;	1734441722.000;	   +0.710
20241217;	142207;	1734441727.000;	   +0.723
20241217;	142212;	1734441732.000;	   +0.698
20241217;	142217;	1734441737.000;	   +1.070
20241217;	142222;	1734441742.000;	   +0.584
20241217;	142227;	1734441747.000;	   +0.001
20241217;	142232;	1734441752.000;	   +0.676
20241217;	142237;	1734441757.000;	   +0.759
20241217;	142242;	1734441762.000;	   +0.713
20241217;	142247;	1734441767.000;	    err32
20241217;	142252;	1734441772.000;	    err32
20241217;	142257;	1734441777.000;	    err32
20241217;	142302;	1734441782.000;	    err32
20241217;	142307;	1734441787.000;	    err32
20241217;	142312;	1734441792.000;	    err32
20241217;	142317;	1734441797.000;	    err32
20241217;	142322;	1734441802.000;	    err32
20241217;	142327;	1734441807.000;	    err32
20241217;	142332;	1734441812.000;	    err32
20241217;	142337;	1734441817.000;	    err32
20241217;	142342;	1734441822.000;	    err32
20241217;	142347;	1734441827.000;	    err32
20241217;	142352;	1734441832.000;	    err32
20241217;	142357;	1734441837.000;	    err32
20241217;	142402;	1734441842.000;	    err32
20241217;	142407;	1734441847.000;	    err32
20241217;	142412;	1734441852.000;	    err32
20241217;	142417;	1734441857.000;	    err32
20241217;	142422;	1734441862.000;	    err32
20241217;	142427;	1734441867.000;	    err32
20241217;	142432;	1734441872.000;	    err32
20241217;	142437;	1734441877.000;	    err32
20241217;	142442;	1734441882.000;	    err32
20241217;	142447;	1734441887.000;	    err32
20241217;	142452;	1734441892.000;	    err32
20241217;	142457;	1734441897.000;	    err32
20241217;	142502;	1734441902.000;	    err32
20241217;	142507;	1734441907.000;	    err32
20241217;	142512;	1734441912.000;	    err32
20241217;	142517;	1734441917.000;	    err32
20241217;	142522;	1734441922.000;	    err32
20241217;	142527;	1734441927.000;	    err32
20241217;	142532;	1734441932.000;	    err32
20241217;	142537;	1734441937.000;	    err32
20241217;	142542;	1734441942.000;	    err32
20241217;	142547;	1734441947.000;	    err32
20241217;	142552;	1734441952.000;	    err32
20241217;	142557;	1734441957.000;	    err32
20241217;	142602;	1734441962.000;	    err32
20241217;	142607;	1734441967.000;	    err32
20241217;	142612;	1734441972.000;	    err32
20241217;	142617;	1734441977.000;	    err32
20241217;	142622;	1734441982.000;	    err32
20241217;	142627;	1734441987.000;	    err32
20241217;	142632;	1734441992.000;	    err32
20241217;	142637;	1734441997.000;	    err32
20241217;	142642;	1734442002.000;	    err32
20241217;	142647;	1734442007.000;	    err32
20241217;	142652;	1734442012.000;	    err32
20241217;	142657;	1734442017.000;	    err32
20241217;	142702;	1734442022.000;	    err32
20241217;	142707;	1734442027.000;	    err32
20241217;	142712;	1734442032.000;	    err32
20241217;	142717;	1734442037.000;	    err32
20241217;	142722;	1734442042.000;	    err32
20241217;	142727;	1734442047.000;	    err32
20241217;	142732;	1734442052.000;	    err32
20241217;	142737;	1734442057.000;	    err32
20241217;	142742;	1734442062.000;	    err32
20241217;	142747;	1734442067.000;	    err32
20241217;	142752;	1734442072.000;	    err32
20241217;	142757;	1734442077.000;	    err32
20241217;	142802;	1734442082.000;	    err32
20241217;	142807;	1734442087.000;	    err32
20241217;	142812;	1734442092.000;	    err32
20241217;	142817;	1734442097.000;	    err32
20241217;	142822;	1734442102.000;	    err32
20241217;	142827;	1734442107.000;	    err32
20241217;	142832;	1734442112.000;	    err32
20241217;	142837;	1734442117.000;	    err32
20241217;	142842;	1734442122.000;	    err32
20241217;	142847;	1734442127.000;	    err32
20241217;	142852;	1734442132.000;	    err32
20241217;	142857;	1734442137.000;	    err32
20241217;	142902;	1734442142.000;	    err32
20241217;	142907;	1734442147.000;	    err32
20241217;	142912;	1734442152.000;	    err32
20241217;	142917;	1734442157.000;	    err32
20241217;	142922;	1734442162.000;	    err32
20241217;	142927;	1734442167.000;	    err32
20241217;	142932;	1734442172.000;	    err32
20241217;	142937;	1734442177.000;	    err32
20241217;	142942;	1734442182.000;	    err32
20241217;	142947;	1734442187.000;	    err32
20241217;	142952;	1734442192.000;	    err32
20241217;	142957;	1734442197.000;	    err32
20241217;	143002;	1734442202.000;	    err32
20241217;	143007;	1734442207.000;	    err32
20241217;	143012;	1734442212.000;	    err32
20241217;	143017;	1734442217.000;	    err32
20241217;	143022;	1734442222.000;	    err32
20241217;	143027;	1734442227.000;	    err32
20241217;	143032;	1734442232.000;	    err32
20241217;	143037;	1734442237.000;	    err32
20241217;	143042;	1734442242.000;	    err32
20241217;	143047;	1734442247.000;	    err32
20241217;	143052;	1734442252.000;	    err32
20241217;	143057;	1734442257.000;	    err32
20241217;	143102;	1734442262.000;	    err32
20241217;	143107;	1734442267.000;	    err32
20241217;	143112;	1734442272.000;	    err32
20241217;	143117;	1734442277.000;	    err32
20241217;	143122;	1734442282.000;	    err32
20241217;	143127;	1734442287.000;	    err32
20241217;	143132;	1734442292.000;	    err32
20241217;	143137;	1734442297.000;	    err32
20241217;	143142;	1734442302.000;	    err32
20241217;	143147;	1734442307.000;	    err32
20241217;	143152;	1734442312.000;	    err32
20241217;	143157;	1734442317.000;	    err32
20241217;	143202;	1734442322.000;	    err32
20241217;	143207;	1734442327.000;	    err32
20241217;	143212;	1734442332.000;	    err32
20241217;	143217;	1734442337.000;	    err32
20241217;	143222;	1734442342.000;	    err32
20241217;	143227;	1734442347.000;	    err32
20241217;	143232;	1734442352.000;	    err32
20241217;	143237;	1734442357.000;	    err32
20241217;	143242;	1734442362.000;	    err32
20241217;	143247;	1734442367.000;	    err32
20241217;	143252;	1734442372.000;	    err32
20241217;	143257;	1734442377.000;	    err32
20241217;	143302;	1734442382.000;	    err32
20241217;	143307;	1734442387.000;	    err32
20241217;	143312;	1734442392.000;	    err32
20241217;	143317;	1734442397.000;	    err32
20241217;	143322;	1734442402.000;	    err32
20241217;	143327;	1734442407.000;	    err32
20241217;	143332;	1734442412.000;	    err32
20241217;	143337;	1734442417.000;	    err32
20241217;	143342;	1734442422.000;	    err32
20241217;	143347;	1734442427.000;	    err32
20241217;	143352;	1734442432.000;	    err32
20241217;	143357;	1734442437.000;	    err32
20241217;	143402;	1734442442.000;	    err32
20241217;	143407;	1734442447.000;	    err32
20241217;	143412;	1734442452.000;	    err32
20241217;	143417;	1734442457.000;	    err32
20241217;	143422;	1734442462.000;	    err32
20241217;	143427;	1734442467.000;	    err32
20241217;	143432;	1734442472.000;	    err32
20241217;	143437;	1734442477.000;	    err32
20241217;	143442;	1734442482.000;	    err32
20241217;	143447;	1734442487.000;	    err32
20241217;	143452;	1734442492.000;	    err32
20241217;	143457;	1734442497.000;	    err32
20241217;	143502;	1734442502.000;	    err32
20241217;	143507;	1734442507.000;	    err32
20241217;	143512;	1734442512.000;	    err32
20241217;	143517;	1734442517.000;	    err32
20241217;	143522;	1734442522.000;	    err32
20241217;	143527;	1734442527.000;	    err32
20241217;	143532;	1734442532.000;	    err32
20241217;	143537;	1734442537.000;	    err32
20241217;	143542;	1734442542.000;	    err32
20241217;	143547;	1734442547.000;	    err32
20241217;	143552;	1734442552.000;	    err32
20241217;	143557;	1734442557.000;	    err32
20241217;	143602;	1734442562.000;	    err32
20241217;	143607;	1734442567.000;	    err32
20241217;	143612;	1734442572.000;	    err32
20241217;	143617;	1734442577.000;	    err32
20241217;	143622;	1734442582.000;	    err32
20241217;	143627;	1734442587.000;	    err32
20241217;	143632;	1734442592.000;	    err32
20241217;	143637;	1734442597.000;	    err32
20241217;	143642;	1734442602.000;	    err32
20241217;	143647;	1734442607.000;	    err32
20241217;	143652;	1734442612.000;	    err32
20241217;	143657;	1734442617.000;	    err32
20241217;	143702;	1734442622.000;	    err32
20241217;	143707;	1734442627.000;	    err32
20241217;	143712;	1734442632.000;	    err32
20241217;	143717;	1734442637.000;	    err32
20241217;	143722;	1734442642.000;	    err32
20241217;	143727;	1734442647.000;	    err32
20241217;	143732;	1734442652.000;	    err32
20241217;	143737;	1734442657.000;	    err32
20241217;	143742;	1734442662.000;	    err32
20241217;	143747;	1734442667.000;	    err32
20241217;	143752;	1734442672.000;	    err32
20241217;	143757;	1734442677.000;	    err32
20241217;	143802;	1734442682.000;	    err32
20241217;	143807;	1734442687.000;	    err32
20241217;	143812;	1734442692.000;	    err32
20241217;	143817;	1734442697.000;	    err32
20241217;	143822;	1734442702.000;	    err32
20241217;	143827;	1734442707.000;	    err32
20241217;	143832;	1734442712.000;	    err32
20241217;	143837;	1734442717.000;	    err32
20241217;	143842;	1734442722.000;	    err32
20241217;	143847;	1734442727.000;	    err32
20241217;	143852;	1734442732.000;	    err32
20241217;	143857;	1734442737.000;	    err32
20241217;	143902;	1734442742.000;	    err32
20241217;	143907;	1734442747.000;	    err32
20241217;	143912;	1734442752.000;	    err32
20241217;	143917;	1734442757.000;	    err32
20241217;	143922;	1734442762.000;	    err32
20241217;	143927;	1734442767.000;	    err32
20241217;	143932;	1734442772.000;	    err32
20241217;	143937;	1734442777.000;	    err32
20241217;	143942;	1734442782.000;	    err32
20241217;	143947;	1734442787.000;	    err32
20241217;	143952;	1734442792.000;	    err32
20241217;	143957;	1734442797.000;	    err32
20241217;	144002;	1734442802.000;	    err32
20241217;	144007;	1734442807.000;	    err32
20241217;	144012;	1734442812.000;	    err32
20241217;	144017;	1734442817.000;	    err32
20241217;	144022;	1734442822.000;	    err32
20241217;	144027;	1734442827.000;	    err32
20241217;	144032;	1734442832.000;	    err32
20241217;	144037;	1734442837.000;	    err32
20241217;	144042;	1734442842.000;	    err32
20241217;	144047;	1734442847.000;	    err32
20241217;	144052;	1734442852.000;	    err32
20241217;	144057;	1734442857.000;	    err32
20241217;	144102;	1734442862.000;	    err32
20241217;	144107;	1734442867.000;	    err32
20241217;	144112;	1734442872.000;	    err32
20241217;	144117;	1734442877.000;	    err32
20241217;	144122;	1734442882.000;	    err32
20241217;	144127;	1734442887.000;	    err32
20241217;	144132;	1734442892.000;	    err32
20241217;	144137;	1734442897.000;	    err32
20241217;	144142;	1734442902.000;	    err32
20241217;	144147;	1734442907.000;	    err32
20241217;	144152;	1734442912.000;	    err32
20241217;	144157;	1734442917.000;	    err32
20241217;	144202;	1734442922.000;	    err32
20241217;	144207;	1734442927.000;	    err32
20241217;	144212;	1734442932.000;	    err32
20241217;	144217;	1734442937.000;	    err32
20241217;	144222;	1734442942.000;	    err32
20241217;	144227;	1734442947.000;	    err32
20241217;	144232;	1734442952.000;	    err32
20241217;	144237;	1734442957.000;	    err32
20241217;	144242;	1734442962.000;	    err32
20241217;	144247;	1734442967.000;	    err32
20241217;	144252;	1734442972.000;	    err32
20241217;	144257;	1734442977.000;	    err32
20241217;	144302;	1734442982.000;	    err32
20241217;	144307;	1734442987.000;	    err32
20241217;	144312;	1734442992.000;	    err32
20241217;	144317;	1734442997.000;	    err32
20241217;	144322;	1734443002.000;	    err32
20241217;	144327;	1734443007.000;	    err32
20241217;	144332;	1734443012.000;	    err32
20241217;	144337;	1734443017.000;	    err32
20241217;	144342;	1734443022.000;	    err32
20241217;	144347;	1734443027.000;	    err32
20241217;	144352;	1734443032.000;	    err32
20241217;	144357;	1734443037.000;	    err32
20241217;	144402;	1734443042.000;	    err32
20241217;	144407;	1734443047.000;	    err32
20241217;	144412;	1734443052.000;	    err32
20241217;	144417;	1734443057.000;	    err32
20241217;	144422;	1734443062.000;	    err32
20241217;	144427;	1734443067.000;	    err32
20241217;	144432;	1734443072.000;	    err32
20241217;	144437;	1734443077.000;	    err32
20241217;	144442;	1734443082.000;	    err32
20241217;	144447;	1734443087.000;	    err32
20241217;	144452;	1734443092.000;	    err32
20241217;	144457;	1734443097.000;	    err32
20241217;	144502;	1734443102.000;	    err32
20241217;	144507;	1734443107.000;	    err32
20241217;	144512;	1734443112.000;	    err32
20241217;	144517;	1734443117.000;	    err32
20241217;	144522;	1734443122.000;	    err32
20241217;	144527;	1734443127.000;	    err32
20241217;	144532;	1734443132.000;	    err32
20241217;	144537;	1734443137.000;	    err32
20241217;	144542;	1734443142.000;	    err32
20241217;	144547;	1734443147.000;	    err32
20241217;	144552;	1734443152.000;	    err32
20241217;	144557;	1734443157.000;	    err32
20241217;	144602;	1734443162.000;	    err32
20241217;	144607;	1734443167.000;	    err32
20241217;	144612;	1734443172.000;	    err32
20241217;	144617;	1734443177.000;	    err32
20241217;	144622;	1734443182.000;	    err32
20241217;	144627;	1734443187.000;	    err32
20241217;	144632;	1734443192.000;	    err32
20241217;	144637;	1734443197.000;	    err32
20241217;	144642;	1734443202.000;	    err32
20241217;	144647;	1734443207.000;	    err32
20241217;	144652;	1734443212.000;	    err32
20241217;	144657;	1734443217.000;	    err32
20241217;	144702;	1734443222.000;	    err32
20241217;	144707;	1734443227.000;	    err32
20241217;	144712;	1734443232.000;	    err32
20241217;	144717;	1734443237.000;	    err32
20241217;	144722;	1734443242.000;	    err32
20241217;	144727;	1734443247.000;	    err32
20241217;	144732;	1734443252.000;	    err32
20241217;	144737;	1734443257.000;	    err32
20241217;	144742;	1734443262.000;	    err32
20241217;	144747;	1734443267.000;	    err32
20241217;	144752;	1734443272.000;	    err32
20241217;	144757;	1734443277.000;	    err32
20241217;	144802;	1734443282.000;	    err32
20241217;	144807;	1734443287.000;	    err32
20241217;	144812;	1734443292.000;	    err32
20241217;	144817;	1734443297.000;	    err32
20241217;	144822;	1734443302.000;	    err32
20241217;	144827;	1734443307.000;	    err32
20241217;	144832;	1734443312.000;	    err32
20241217;	144837;	1734443317.000;	    err32
20241217;	144842;	1734443322.000;	    err32
20241217;	144847;	1734443327.000;	    err32
20241217;	144852;	1734443332.000;	    err32
20241217;	144857;	1734443337.000;	    err32
20241217;	144902;	1734443342.000;	    err32
20241217;	144907;	1734443347.000;	    err32
20241217;	144912;	1734443352.000;	    err32
20241217;	144917;	1734443357.000;	    err32
20241217;	144922;	1734443362.000;	    err32
20241217;	144927;	1734443367.000;	    err32
20241217;	144932;	1734443372.000;	    err32
20241217;	144937;	1734443377.000;	    err32
20241217;	144942;	1734443382.000;	    err32
20241217;	144947;	1734443387.000;	    err32
20241217;	144952;	1734443392.000;	    err32
20241217;	144957;	1734443397.000;	    err32
20241217;	145002;	1734443402.000;	    err32
20241217;	145007;	1734443407.000;	    err32
20241217;	145012;	1734443412.000;	    err32
20241217;	145017;	1734443417.000;	    err32
20241217;	145022;	1734443422.000;	    err32
20241217;	145027;	1734443427.000;	    err32
20241217;	145032;	1734443432.000;	    err32
20241217;	145037;	1734443437.000;	    err32
20241217;	145042;	1734443442.000;	    err32
20241217;	145047;	1734443447.000;	    err32
20241217;	145052;	1734443452.000;	    err32
20241217;	145057;	1734443457.000;	    err32
20241217;	145102;	1734443462.000;	    err32
20241217;	145107;	1734443467.000;	    err32
20241217;	145112;	1734443472.000;	    err32
20241217;	145117;	1734443477.000;	    err32
20241217;	145122;	1734443482.000;	    err32
20241217;	145127;	1734443487.000;	    err32
20241217;	145132;	1734443492.000;	    err32
20241217;	145137;	1734443497.000;	    err32
20241217;	145142;	1734443502.000;	    err32
20241217;	145147;	1734443507.000;	    err32
20241217;	145152;	1734443512.000;	    err32
20241217;	145157;	1734443517.000;	    err32
20241217;	145202;	1734443522.000;	    err32
20241217;	145207;	1734443527.000;	    err32
20241217;	145212;	1734443532.000;	    err32
20241217;	145217;	1734443537.000;	    err32
20241217;	145222;	1734443542.000;	    err32
20241217;	145227;	1734443547.000;	    err32
20241217;	145232;	1734443552.000;	    err32
20241217;	145237;	1734443557.000;	    err32
20241217;	145242;	1734443562.000;	    err32
20241217;	145247;	1734443567.000;	    err32
20241217;	145252;	1734443572.000;	    err32
20241217;	145257;	1734443577.000;	    err32
20241217;	145302;	1734443582.000;	    err32
20241217;	145307;	1734443587.000;	    err32
20241217;	145312;	1734443592.000;	    err32
20241217;	145317;	1734443597.000;	    err32
20241217;	145322;	1734443602.000;	    err32
20241217;	145327;	1734443607.000;	    err32
20241217;	145332;	1734443612.000;	    err32
20241217;	145337;	1734443617.000;	    err32
20241217;	145342;	1734443622.000;	    err32
20241217;	145347;	1734443627.000;	    err32
20241217;	145352;	1734443632.000;	    err32
20241217;	145357;	1734443637.000;	    err32
20241217;	145402;	1734443642.000;	    err32
20241217;	145407;	1734443647.000;	    err32
20241217;	145412;	1734443652.000;	    err32
20241217;	145417;	1734443657.000;	    err32
20241217;	145422;	1734443662.000;	    err32
20241217;	145427;	1734443667.000;	    err32
20241217;	145432;	1734443672.000;	    err32
20241217;	145437;	1734443677.000;	    err32
20241217;	145442;	1734443682.000;	    err32
20241217;	145447;	1734443687.000;	    err32
20241217;	145452;	1734443692.000;	    err32
20241217;	145457;	1734443697.000;	    err32
20241217;	145502;	1734443702.000;	    err32
20241217;	145507;	1734443707.000;	    err32
20241217;	145512;	1734443712.000;	    err32
20241217;	145517;	1734443717.000;	    err32
20241217;	145522;	1734443722.000;	    err32
20241217;	145527;	1734443727.000;	    err32
20241217;	145532;	1734443732.000;	    err32
20241217;	145537;	1734443737.000;	    err32
20241217;	145542;	1734443742.000;	    err32
20241217;	145547;	1734443747.000;	    err32
20241217;	145552;	1734443752.000;	    err32
20241217;	145557;	1734443757.000;	    err32
20241217;	145602;	1734443762.000;	    err32
20241217;	145607;	1734443767.000;	    err32
20241217;	145612;	1734443772.000;	    err32
20241217;	145617;	1734443777.000;	    err32
20241217;	145622;	1734443782.000;	    err32
20241217;	145627;	1734443787.000;	    err32
20241217;	145632;	1734443792.000;	    err32
20241217;	145637;	1734443797.000;	    err32
20241217;	145642;	1734443802.000;	    err32
20241217;	145647;	1734443807.000;	    err32
20241217;	145652;	1734443812.000;	    err32
20241217;	145657;	1734443817.000;	    err32
20241217;	145702;	1734443822.000;	    err32
20241217;	145707;	1734443827.000;	    err32
20241217;	145712;	1734443832.000;	    err32
20241217;	145717;	1734443837.000;	    err32
20241217;	145722;	1734443842.000;	    err32
20241217;	145727;	1734443847.000;	    err32
20241217;	145732;	1734443852.000;	    err32
20241217;	145737;	1734443857.000;	    err32
20241217;	145742;	1734443862.000;	    err32
20241217;	145747;	1734443867.000;	    err32
20241217;	145752;	1734443872.000;	    err32
20241217;	145757;	1734443877.000;	    err32
20241217;	145802;	1734443882.000;	    err32
20241217;	145807;	1734443887.000;	    err32
20241217;	145812;	1734443892.000;	    err32
20241217;	145817;	1734443897.000;	    err32
20241217;	145822;	1734443902.000;	    err32
20241217;	145827;	1734443907.000;	    err32
20241217;	145832;	1734443912.000;	    err32
20241217;	145837;	1734443917.000;	    err32
20241217;	145842;	1734443922.000;	    err32
20241217;	145847;	1734443927.000;	    err32
20241217;	145852;	1734443932.000;	    err32
20241217;	145857;	1734443937.000;	    err32
20241217;	145902;	1734443942.000;	    err32
20241217;	145907;	1734443947.000;	    err32
20241217;	145912;	1734443952.000;	    err32
20241217;	145917;	1734443957.000;	    err32
20241217;	145922;	1734443962.000;	    err32
20241217;	145927;	1734443967.000;	    err32
20241217;	145932;	1734443972.000;	    err32
20241217;	145937;	1734443977.000;	    err32
20241217;	145942;	1734443982.000;	    err32
20241217;	145947;	1734443987.000;	    err32
20241217;	145952;	1734443992.000;	    err32
20241217;	145957;	1734443997.000;	    err32
20241217;	150002;	1734444002.000;	    err32
20241217;	150007;	1734444007.000;	    err32
20241217;	150012;	1734444012.000;	    err32
20241217;	150017;	1734444017.000;	    err32
20241217;	150022;	1734444022.000;	    err32
20241217;	150027;	1734444027.000;	    err32
20241217;	150032;	1734444032.000;	    err32
20241217;	150037;	1734444037.000;	    err32
20241217;	150042;	1734444042.000;	    err32
20241217;	150047;	1734444047.000;	    err32
20241217;	150052;	1734444052.000;	    err32
20241217;	150057;	1734444057.000;	    err32
20241217;	150102;	1734444062.000;	    err32
20241217;	150107;	1734444067.000;	    err32
20241217;	150112;	1734444072.000;	    err32
20241217;	150117;	1734444077.000;	    err32
20241217;	150122;	1734444082.000;	    err32
20241217;	150127;	1734444087.000;	    err32
20241217;	150132;	1734444092.000;	    err32
20241217;	150137;	1734444097.000;	    err32
20241217;	150142;	1734444102.000;	    err32
20241217;	150147;	1734444107.000;	    err32
20241217;	150152;	1734444112.000;	    err32
20241217;	150157;	1734444117.000;	    err32
20241217;	150202;	1734444122.000;	    err32
20241217;	150207;	1734444127.000;	    err32
20241217;	150212;	1734444132.000;	    err32
20241217;	150217;	1734444137.000;	    err32
20241217;	150222;	1734444142.000;	    err32
20241217;	150227;	1734444147.000;	    err32
20241217;	150232;	1734444152.000;	    err32
20241217;	150237;	1734444157.000;	    err32
20241217;	150242;	1734444162.000;	    err32
20241217;	150247;	1734444167.000;	    err32
20241217;	150252;	1734444172.000;	    err32
20241217;	150257;	1734444177.000;	    err32
20241217;	150302;	1734444182.000;	    err32
20241217;	150307;	1734444187.000;	    err32
20241217;	150312;	1734444192.000;	    err32
20241217;	150317;	1734444197.000;	    err32
20241217;	150322;	1734444202.000;	    err32
20241217;	150327;	1734444207.000;	    err32
20241217;	150332;	1734444212.000;	    err32
20241217;	150337;	1734444217.000;	    err32
20241217;	150342;	1734444222.000;	    err32
20241217;	150347;	1734444227.000;	    err32
20241217;	150352;	1734444232.000;	    err32
20241217;	150357;	1734444237.000;	    err32
20241217;	150402;	1734444242.000;	    err32
20241217;	150407;	1734444247.000;	    err32
20241217;	150412;	1734444252.000;	    err32
20241217;	150417;	1734444257.000;	    err32
20241217;	150422;	1734444262.000;	    err32
20241217;	150427;	1734444267.000;	    err32
20241217;	150432;	1734444272.000;	    err32
20241217;	150437;	1734444277.000;	    err32
20241217;	150442;	1734444282.000;	    err32
20241217;	150447;	1734444287.000;	    err32
20241217;	150452;	1734444292.000;	    err32
20241217;	150457;	1734444297.000;	    err32
20241217;	150502;	1734444302.000;	    err32
20241217;	150507;	1734444307.000;	    err32
20241217;	150512;	1734444312.000;	    err32
20241217;	150517;	1734444317.000;	    err32
20241217;	150522;	1734444322.000;	    err32
20241217;	150527;	1734444327.000;	    err32
20241217;	150532;	1734444332.000;	    err32
20241217;	150537;	1734444337.000;	    err32
20241217;	150542;	1734444342.000;	    err32
20241217;	150547;	1734444347.000;	    err32
20241217;	150552;	1734444352.000;	    err32
20241217;	150557;	1734444357.000;	    err32
20241217;	150602;	1734444362.000;	    err32
20241217;	150607;	1734444367.000;	    err32
20241217;	150612;	1734444372.000;	    err32
20241217;	150617;	1734444377.000;	    err32
20241217;	150622;	1734444382.000;	    err32
20241217;	150627;	1734444387.000;	    err32
20241217;	150632;	1734444392.000;	    err32
20241217;	150637;	1734444397.000;	    err32
20241217;	150642;	1734444402.000;	    err32
20241217;	150647;	1734444407.000;	    err32
20241217;	150652;	1734444412.000;	    err32
20241217;	150657;	1734444417.000;	    err32
20241217;	150702;	1734444422.000;	    err32
20241217;	150707;	1734444427.000;	    err32
20241217;	150712;	1734444432.000;	    err32
20241217;	150717;	1734444437.000;	    err32
20241217;	150722;	1734444442.000;	    err32
20241217;	150727;	1734444447.000;	    err32
20241217;	150732;	1734444452.000;	    err32
20241217;	150737;	1734444457.000;	    err32
20241217;	150742;	1734444462.000;	    err32
20241217;	150747;	1734444467.000;	    err32
20241217;	150752;	1734444472.000;	    err32
20241217;	150757;	1734444477.000;	    err32
20241217;	150802;	1734444482.000;	    err32
20241217;	150807;	1734444487.000;	    err32
20241217;	150812;	1734444492.000;	    err32
20241217;	150817;	1734444497.000;	    err32
20241217;	150822;	1734444502.000;	    err32
20241217;	150827;	1734444507.000;	    err32
20241217;	150832;	1734444512.000;	    err32
20241217;	150837;	1734444517.000;	    err32
20241217;	150842;	1734444522.000;	    err32
20241217;	150847;	1734444527.000;	    err32
20241217;	150852;	1734444532.000;	    err32
20241217;	150857;	1734444537.000;	    err32
20241217;	150902;	1734444542.000;	    err32
20241217;	150907;	1734444547.000;	    err32
20241217;	150912;	1734444552.000;	    err32
20241217;	150917;	1734444557.000;	    err32
20241217;	150922;	1734444562.000;	    err32
20241217;	150927;	1734444567.000;	    err32
20241217;	150932;	1734444572.000;	    err32
20241217;	150937;	1734444577.000;	    err32
20241217;	150942;	1734444582.000;	    err32
20241217;	150947;	1734444587.000;	    err32
20241217;	150952;	1734444592.000;	    err32
20241217;	150957;	1734444597.000;	    err32
20241217;	151002;	1734444602.000;	    err32
20241217;	151007;	1734444607.000;	    err32
20241217;	151012;	1734444612.000;	    err32
20241217;	151017;	1734444617.000;	    err32
20241217;	151022;	1734444622.000;	    err32
20241217;	151027;	1734444627.000;	    err32
20241217;	151032;	1734444632.000;	    err32
20241217;	151037;	1734444637.000;	    err32
20241217;	151042;	1734444642.000;	    err32
20241217;	151047;	1734444647.000;	    err32
20241217;	151052;	1734444652.000;	    err32
20241217;	151057;	1734444657.000;	    err32
20241217;	151102;	1734444662.000;	    err32
20241217;	151107;	1734444667.000;	    err32
20241217;	151112;	1734444672.000;	    err32
20241217;	151117;	1734444677.000;	    err32
20241217;	151122;	1734444682.000;	    err32
20241217;	151127;	1734444687.000;	    err32
20241217;	151132;	1734444692.000;	    err32
20241217;	151137;	1734444697.000;	    err32
20241217;	151142;	1734444702.000;	    err32
20241217;	151147;	1734444707.000;	    err32
20241217;	151152;	1734444712.000;	    err32
20241217;	151157;	1734444717.000;	    err32
20241217;	151202;	1734444722.000;	    err32
20241217;	151207;	1734444727.000;	    err32
20241217;	151212;	1734444732.000;	    err32
20241217;	151217;	1734444737.000;	    err32
20241217;	151222;	1734444742.000;	    err32
20241217;	151227;	1734444747.000;	    err32
20241217;	151232;	1734444752.000;	    err32
20241217;	151237;	1734444757.000;	    err32
20241217;	151242;	1734444762.000;	    err32
20241217;	151247;	1734444767.000;	    err32
20241217;	151252;	1734444772.000;	    err32
20241217;	151257;	1734444777.000;	    err32
20241217;	151302;	1734444782.000;	    err32
20241217;	151307;	1734444787.000;	    err32
20241217;	151312;	1734444792.000;	    err32
20241217;	151317;	1734444797.000;	    err32
20241217;	151322;	1734444802.000;	    err32
20241217;	151327;	1734444807.000;	    err32
20241217;	151332;	1734444812.000;	    err32
20241217;	151337;	1734444817.000;	    err32
20241217;	151342;	1734444822.000;	    err32
20241217;	151347;	1734444827.000;	    err32
20241217;	151352;	1734444832.000;	    err32
20241217;	151357;	1734444837.000;	    err32
20241217;	151402;	1734444842.000;	    err32
20241217;	151407;	1734444847.000;	    err32
20241217;	151412;	1734444852.000;	    err32
20241217;	151417;	1734444857.000;	    err32
20241217;	151422;	1734444862.000;	    err32
20241217;	151427;	1734444867.000;	    err32
20241217;	151432;	1734444872.000;	    err32
20241217;	151437;	1734444877.000;	    err32
20241217;	151442;	1734444882.000;	    err32
20241217;	151447;	1734444887.000;	    err32
20241217;	151452;	1734444892.000;	    err32
20241217;	151457;	1734444897.000;	    err32
20241217;	151502;	1734444902.000;	    err32
20241217;	151507;	1734444907.000;	    err32
20241217;	151512;	1734444912.000;	    err32
20241217;	151517;	1734444917.000;	    err32
20241217;	151522;	1734444922.000;	    err32
20241217;	151527;	1734444927.000;	    err32
20241217;	151532;	1734444932.000;	    err32
20241217;	151537;	1734444937.000;	    err32
20241217;	151542;	1734444942.000;	    err32
20241217;	151547;	1734444947.000;	    err32
20241217;	151552;	1734444952.000;	    err32
20241217;	151557;	1734444957.000;	    err32
20241217;	151602;	1734444962.000;	    err32
20241217;	151607;	1734444967.000;	    err32
20241217;	151612;	1734444972.000;	    err32
20241217;	151617;	1734444977.000;	    err32
20241217;	151622;	1734444982.000;	    err32
20241217;	151627;	1734444987.000;	    err32
20241217;	151632;	1734444992.000;	    err32
20241217;	151637;	1734444997.000;	    err32
20241217;	151642;	1734445002.000;	    err32
20241217;	151647;	1734445007.000;	    err32
20241217;	151652;	1734445012.000;	    err32
20241217;	151657;	1734445017.000;	    err32
20241217;	151702;	1734445022.000;	    err32
20241217;	151707;	1734445027.000;	    err32
20241217;	151712;	1734445032.000;	    err32
20241217;	151717;	1734445037.000;	    err32
20241217;	151722;	1734445042.000;	    err32
20241217;	151727;	1734445047.000;	    err32
20241217;	151732;	1734445052.000;	    err32
20241217;	151737;	1734445057.000;	    err32
20241217;	151742;	1734445062.000;	    err32
20241217;	151747;	1734445067.000;	    err32
20241217;	151752;	1734445072.000;	    err32
20241217;	151757;	1734445077.000;	    err32
20241217;	151802;	1734445082.000;	    err32
20241217;	151807;	1734445087.000;	    err32
20241217;	151812;	1734445092.000;	    err32
20241217;	151817;	1734445097.000;	    err32
20241217;	151822;	1734445102.000;	    err32
20241217;	151827;	1734445107.000;	    err32
20241217;	151832;	1734445112.000;	    err32
20241217;	151837;	1734445117.000;	    err32
20241217;	151842;	1734445122.000;	    err32
20241217;	151847;	1734445127.000;	    err32
20241217;	151852;	1734445132.000;	    err32
20241217;	151857;	1734445137.000;	    err32
20241217;	151902;	1734445142.000;	    err32
20241217;	151907;	1734445147.000;	    err32
20241217;	151912;	1734445152.000;	    err32
20241217;	151917;	1734445157.000;	    err32
20241217;	151922;	1734445162.000;	    err32
20241217;	151927;	1734445167.000;	    err32
20241217;	151932;	1734445172.000;	    err32
20241217;	151937;	1734445177.000;	    err32
20241217;	151942;	1734445182.000;	    err32
20241217;	151947;	1734445187.000;	    err32
20241217;	151952;	1734445192.000;	    err32
20241217;	151957;	1734445197.000;	    err32
20241217;	152002;	1734445202.000;	    err32
20241217;	152007;	1734445207.000;	    err32
20241217;	152012;	1734445212.000;	    err32
20241217;	152017;	1734445217.000;	    err32
20241217;	152022;	1734445222.000;	    err32
20241217;	152027;	1734445227.000;	    err32
20241217;	152032;	1734445232.000;	    err32
20241217;	152037;	1734445237.000;	    err32
20241217;	152042;	1734445242.000;	    err32
20241217;	152047;	1734445247.000;	    err32
20241217;	152052;	1734445252.000;	    err32
20241217;	152057;	1734445257.000;	    err32
20241217;	152102;	1734445262.000;	    err32
20241217;	152107;	1734445267.000;	    err32
20241217;	152112;	1734445272.000;	    err32
20241217;	152117;	1734445277.000;	    err32
20241217;	152122;	1734445282.000;	    err32
20241217;	152127;	1734445287.000;	    err32
20241217;	152132;	1734445292.000;	    err32
20241217;	152137;	1734445297.000;	    err32
20241217;	152142;	1734445302.000;	    err32
20241217;	152147;	1734445307.000;	    err32
20241217;	152152;	1734445312.000;	    err32
20241217;	152157;	1734445317.000;	    err32
20241217;	152202;	1734445322.000;	    err32
20241217;	152207;	1734445327.000;	    err32
20241217;	152212;	1734445332.000;	    err32
20241217;	152217;	1734445337.000;	    err32
20241217;	152222;	1734445342.000;	    err32
20241217;	152227;	1734445347.000;	    err32
20241217;	152232;	1734445352.000;	    err32
20241217;	152237;	1734445357.000;	    err32
20241217;	152242;	1734445362.000;	    err32
20241217;	152247;	1734445367.000;	    err32
20241217;	152252;	1734445372.000;	    err32
20241217;	152257;	1734445377.000;	    err32
20241217;	152302;	1734445382.000;	    err32
20241217;	152307;	1734445387.000;	    err32
20241217;	152312;	1734445392.000;	    err32
20241217;	152317;	1734445397.000;	    err32
20241217;	152322;	1734445402.000;	    err32
20241217;	152327;	1734445407.000;	    err32
20241217;	152332;	1734445412.000;	    err32
20241217;	152337;	1734445417.000;	    err32
20241217;	152342;	1734445422.000;	    err32
20241217;	152347;	1734445427.000;	    err32
20241217;	152352;	1734445432.000;	    err32
20241217;	152357;	1734445437.000;	    err32
20241217;	152402;	1734445442.000;	    err32
20241217;	152407;	1734445447.000;	    err32
20241217;	152412;	1734445452.000;	    err32
20241217;	152417;	1734445457.000;	    err32
20241217;	152422;	1734445462.000;	    err32
20241217;	152427;	1734445467.000;	    err32
20241217;	152432;	1734445472.000;	    err32
20241217;	152437;	1734445477.000;	    err32
20241217;	152442;	1734445482.000;	    err32
20241217;	152447;	1734445487.000;	    err32
20241217;	152452;	1734445492.000;	    err32
20241217;	152457;	1734445497.000;	    err32
20241217;	152502;	1734445502.000;	    err32
20241217;	152507;	1734445507.000;	    err32
20241217;	152512;	1734445512.000;	    err32
20241217;	152517;	1734445517.000;	    err32
20241217;	152522;	1734445522.000;	    err32
20241217;	152527;	1734445527.000;	    err32
20241217;	152532;	1734445532.000;	    err32
20241217;	152537;	1734445537.000;	    err32
20241217;	152542;	1734445542.000;	    err32
20241217;	152547;	1734445547.000;	    err32
20241217;	152552;	1734445552.000;	    err32
20241217;	152557;	1734445557.000;	    err32
20241217;	152602;	1734445562.000;	    err32
20241217;	152607;	1734445567.000;	    err32
20241217;	152612;	1734445572.000;	    err32
20241217;	152617;	1734445577.000;	    err32
20241217;	152622;	1734445582.000;	    err32
20241217;	152627;	1734445587.000;	    err32
20241217;	152632;	1734445592.000;	    err32
20241217;	152637;	1734445597.000;	    err32
20241217;	152642;	1734445602.000;	    err32
20241217;	152647;	1734445607.000;	    err32
20241217;	152652;	1734445612.000;	    err32
20241217;	152657;	1734445617.000;	    err32
20241217;	152702;	1734445622.000;	    err32
20241217;	152707;	1734445627.000;	    err32
20241217;	152712;	1734445632.000;	    err32
20241217;	152717;	1734445637.000;	    err32
20241217;	152722;	1734445642.000;	    err32
20241217;	152727;	1734445647.000;	    err32
20241217;	152732;	1734445652.000;	    err32
20241217;	152737;	1734445657.000;	    err32
20241217;	152742;	1734445662.000;	    err32
20241217;	152747;	1734445667.000;	    err32
20241217;	152752;	1734445672.000;	    err32
20241217;	152757;	1734445677.000;	    err32
20241217;	152802;	1734445682.000;	    err32
20241217;	152807;	1734445687.000;	    err32
20241217;	152812;	1734445692.000;	    err32
20241217;	152817;	1734445697.000;	    err32
20241217;	152822;	1734445702.000;	    err32
20241217;	152827;	1734445707.000;	    err32
20241217;	152832;	1734445712.000;	    err32
20241217;	152837;	1734445717.000;	    err32
20241217;	152842;	1734445722.000;	    err32
20241217;	152847;	1734445727.000;	    err32
20241217;	152852;	1734445732.000;	    err32
20241217;	152857;	1734445737.000;	    err32
20241217;	152902;	1734445742.000;	    err32
20241217;	152907;	1734445747.000;	    err32
20241217;	152912;	1734445752.000;	    err32
20241217;	152917;	1734445757.000;	    err32
20241217;	152922;	1734445762.000;	    err32
20241217;	152927;	1734445767.000;	    err32
20241217;	152932;	1734445772.000;	    err32
20241217;	152937;	1734445777.000;	    err32
20241217;	152942;	1734445782.000;	    err32
20241217;	152947;	1734445787.000;	    err32
20241217;	152952;	1734445792.000;	    err32
20241217;	152957;	1734445797.000;	    err32
20241217;	153002;	1734445802.000;	    err32
20241217;	153007;	1734445807.000;	    err32
20241217;	153012;	1734445812.000;	    err32
20241217;	153017;	1734445817.000;	    err32
20241217;	153022;	1734445822.000;	    err32
20241217;	153027;	1734445827.000;	    err32
20241217;	153032;	1734445832.000;	    err32
20241217;	153037;	1734445837.000;	    err32
20241217;	153042;	1734445842.000;	    err32
20241217;	153047;	1734445847.000;	    err32
20241217;	153052;	1734445852.000;	    err32
20241217;	153057;	1734445857.000;	    err32
20241217;	153102;	1734445862.000;	    err32
20241217;	153107;	1734445867.000;	    err32
20241217;	153112;	1734445872.000;	    err32
20241217;	153117;	1734445877.000;	    err32
20241217;	153122;	1734445882.000;	    err32
20241217;	153127;	1734445887.000;	    err32
20241217;	153132;	1734445892.000;	    err32
20241217;	153137;	1734445897.000;	    err32
20241217;	153142;	1734445902.000;	    err32
20241217;	153147;	1734445907.000;	    err32
20241217;	153152;	1734445912.000;	    err32
20241217;	153157;	1734445917.000;	    err32
20241217;	153202;	1734445922.000;	    err32
20241217;	153207;	1734445927.000;	    err32
20241217;	153212;	1734445932.000;	    err32
20241217;	153217;	1734445937.000;	    err32
20241217;	153222;	1734445942.000;	    err32
20241217;	153227;	1734445947.000;	    err32
20241217;	153232;	1734445952.000;	    err32
20241217;	153237;	1734445957.000;	    err32
20241217;	153242;	1734445962.000;	    err32
20241217;	153247;	1734445967.000;	    err32
20241217;	153252;	1734445972.000;	    err32
20241217;	153257;	1734445977.000;	    err32
20241217;	153302;	1734445982.000;	    err32
20241217;	153307;	1734445987.000;	    err32
20241217;	153312;	1734445992.000;	    err32
20241217;	153317;	1734445997.000;	    err32
20241217;	153322;	1734446002.000;	    err32
20241217;	153327;	1734446007.000;	    err32
20241217;	153332;	1734446012.000;	    err32
20241217;	153337;	1734446017.000;	    err32
20241217;	153342;	1734446022.000;	    err32
20241217;	153347;	1734446027.000;	    err32
20241217;	153352;	1734446032.000;	    err32
20241217;	153357;	1734446037.000;	    err32
20241217;	153402;	1734446042.000;	    err32
20241217;	153407;	1734446047.000;	    err32
20241217;	153412;	1734446052.000;	    err32
20241217;	153417;	1734446057.000;	    err32
20241217;	153422;	1734446062.000;	    err32
20241217;	153427;	1734446067.000;	    err32
20241217;	153432;	1734446072.000;	    err32
20241217;	153437;	1734446077.000;	    err32
20241217;	153442;	1734446082.000;	    err32
20241217;	153447;	1734446087.000;	    err32
20241217;	153452;	1734446092.000;	    err32
20241217;	153457;	1734446097.000;	    err32
20241217;	153502;	1734446102.000;	    err32
20241217;	153507;	1734446107.000;	    err32
20241217;	153512;	1734446112.000;	    err32
20241217;	153517;	1734446117.000;	    err32
20241217;	153522;	1734446122.000;	    err32
20241217;	153527;	1734446127.000;	    err32
20241217;	153532;	1734446132.000;	    err32
20241217;	153537;	1734446137.000;	    err32
20241217;	153542;	1734446142.000;	    err32
20241217;	153547;	1734446147.000;	    err32
20241217;	153552;	1734446152.000;	    err32
20241217;	153557;	1734446157.000;	    err32
20241217;	153602;	1734446162.000;	    err32
20241217;	153607;	1734446167.000;	    err32
20241217;	153612;	1734446172.000;	    err32
20241217;	153617;	1734446177.000;	    err32
20241217;	153622;	1734446182.000;	    err32
20241217;	153627;	1734446187.000;	    err32
20241217;	153632;	1734446192.000;	    err32
20241217;	153637;	1734446197.000;	    err32
20241217;	153642;	1734446202.000;	    err32
20241217;	153647;	1734446207.000;	    err32
20241217;	153652;	1734446212.000;	    err32
20241217;	153657;	1734446217.000;	   +2.331
20241217;	153702;	1734446222.000;	   +1.546
20241217;	153707;	1734446227.000;	   +3.827
20241217;	153712;	1734446232.000;	   +2.790
20241217;	153717;	1734446237.000;	   +2.937
20241217;	153722;	1734446242.000;	   +2.198
20241217;	153727;	1734446247.000;	   +0.405
20241217;	153732;	1734446252.000;	   +1.579
20241217;	153737;	1734446257.000;	   +0.356
20241217;	153742;	1734446262.000;	   +0.364
20241217;	153747;	1734446267.000;	   +0.392
20241217;	153752;	1734446272.000;	   +0.309
20241217;	153757;	1734446277.000;	   +0.000
20241217;	153802;	1734446282.000;	   +1.221
20241217;	153807;	1734446287.000;	   +0.404
20241217;	153812;	1734446292.000;	   +0.546
20241217;	153817;	1734446297.000;	   +0.354
20241217;	153822;	1734446302.000;	   +0.336
20241217;	153827;	1734446307.000;	   +0.000
20241217;	153832;	1734446312.000;	   +1.667
20241217;	153837;	1734446317.000;	   +0.169
20241217;	153842;	1734446322.000;	   +0.653
