#ies_format_version: 1.0
#file: 20250204_5000_2000.dat
#file_info: generated by AsciiLoger of OpenMUC
#timezone: + 1
#timestep_sec: 5.0
#col_no;	col_name;	confidential;	measured;	unit;	category;	comment
#001;	YYYYMMDD;	FALSE;	FALSE;	0;	time;	INTEGER,8. Date [human readable]
#002;	hhmmss;	FALSE;	FALSE;	0;	time;	SHORT,6. Time [human readable]
#003;	unixtimestamp;	FALSE;	FALSE;	s;	time;	DOUBLE,14. lapsed seconds from 01-01-1970
#004;	power_self_consumption;	FALSE;	TRUE;	kW;	other;	DOUBLE,9. test
YYYYMMDD;	hhmmss;	unixtimestamp;	power_self_consumption
20250204;	095112;	1738659072.000;	    err11
20250204;	095117;	1738659077.000;	   +0.155
20250204;	095122;	1738659082.000;	   +0.129
20250204;	095127;	1738659087.000;	   +0.175
20250204;	095132;	1738659092.000;	   +0.160
20250204;	095137;	1738659097.000;	   +0.130
20250204;	095142;	1738659102.000;	   +0.145
20250204;	095147;	1738659107.000;	   +0.159
20250204;	095152;	1738659112.000;	   +0.166
20250204;	095157;	1738659117.000;	   +0.162
20250204;	095202;	1738659122.000;	   +0.195
20250204;	095207;	1738659127.000;	   +0.156
20250204;	095212;	1738659132.000;	   +0.150
20250204;	095217;	1738659137.000;	   +0.082
20250204;	095222;	1738659142.000;	   +0.164
20250204;	095227;	1738659147.000;	   +0.097
20250204;	095232;	1738659152.000;	   +0.102
20250204;	095237;	1738659157.000;	   +0.166
20250204;	095242;	1738659162.000;	   +0.162
20250204;	095247;	1738659167.000;	   +0.181
20250204;	095252;	1738659172.000;	   +0.156
20250204;	095257;	1738659177.000;	   +0.163
20250204;	095302;	1738659182.000;	   +0.159
20250204;	095307;	1738659187.000;	   +0.168
20250204;	095312;	1738659192.000;	   +0.164
20250204;	095317;	1738659197.000;	   +0.165
20250204;	095322;	1738659202.000;	    err32
20250204;	095327;	1738659207.000;	    err32
20250204;	095332;	1738659212.000;	    err32
20250204;	095337;	1738659217.000;	    err32
20250204;	095342;	1738659222.000;	    err32
20250204;	095347;	1738659227.000;	    err32
20250204;	095352;	1738659232.000;	    err32
20250204;	095357;	1738659237.000;	    err32
20250204;	095402;	1738659242.000;	    err32
20250204;	095407;	1738659247.000;	    err32
20250204;	095412;	1738659252.000;	    err32
20250204;	095417;	1738659257.000;	    err32
20250204;	095422;	1738659262.000;	    err32
20250204;	095427;	1738659267.000;	    err32
20250204;	095432;	1738659272.000;	    err32
20250204;	095437;	1738659277.000;	    err32
20250204;	095442;	1738659282.000;	    err32
20250204;	095447;	1738659287.000;	    err32
20250204;	095452;	1738659292.000;	    err32
20250204;	095457;	1738659297.000;	    err32
20250204;	095502;	1738659302.000;	    err32
20250204;	095507;	1738659307.000;	    err32
20250204;	095512;	1738659312.000;	    err32
20250204;	095517;	1738659317.000;	    err32
20250204;	095522;	1738659322.000;	    err32
20250204;	095527;	1738659327.000;	    err32
20250204;	095532;	1738659332.000;	    err32
20250204;	095537;	1738659337.000;	    err32
20250204;	095542;	1738659342.000;	    err32
20250204;	095547;	1738659347.000;	    err32
20250204;	095552;	1738659352.000;	    err32
20250204;	095557;	1738659357.000;	    err32
20250204;	095602;	1738659362.000;	    err32
20250204;	095607;	1738659367.000;	    err32
20250204;	095612;	1738659372.000;	    err32
20250204;	095617;	1738659377.000;	    err32
20250204;	095622;	1738659382.000;	    err32
20250204;	095627;	1738659387.000;	    err32
20250204;	095632;	1738659392.000;	    err32
20250204;	095637;	1738659397.000;	    err32
20250204;	095642;	1738659402.000;	    err32
20250204;	095647;	1738659407.000;	    err32
20250204;	095652;	1738659412.000;	    err32
20250204;	095657;	1738659417.000;	    err32
20250204;	095702;	1738659422.000;	    err32
20250204;	095707;	1738659427.000;	    err32
20250204;	095712;	1738659432.000;	    err32
20250204;	095717;	1738659437.000;	    err32
20250204;	095722;	1738659442.000;	    err32
20250204;	095727;	1738659447.000;	    err32
20250204;	095732;	1738659452.000;	    err32
20250204;	095737;	1738659457.000;	    err32
20250204;	095742;	1738659462.000;	    err32
20250204;	095747;	1738659467.000;	    err32
20250204;	095752;	1738659472.000;	    err32
20250204;	095757;	1738659477.000;	    err32
20250204;	095802;	1738659482.000;	    err32
20250204;	095807;	1738659487.000;	    err32
20250204;	095812;	1738659492.000;	    err32
20250204;	095817;	1738659497.000;	    err32
20250204;	095822;	1738659502.000;	    err32
20250204;	095827;	1738659507.000;	    err32
20250204;	095832;	1738659512.000;	    err32
20250204;	095837;	1738659517.000;	    err32
20250204;	095842;	1738659522.000;	    err32
20250204;	095847;	1738659527.000;	    err32
20250204;	095852;	1738659532.000;	    err32
20250204;	095857;	1738659537.000;	    err32
20250204;	095902;	1738659542.000;	    err32
20250204;	095907;	1738659547.000;	    err32
20250204;	095912;	1738659552.000;	    err32
20250204;	095917;	1738659557.000;	    err32
20250204;	095922;	1738659562.000;	    err32
20250204;	095927;	1738659567.000;	    err32
20250204;	095932;	1738659572.000;	    err32
20250204;	095937;	1738659577.000;	    err32
20250204;	095942;	1738659582.000;	    err32
20250204;	095947;	1738659587.000;	    err32
20250204;	095952;	1738659592.000;	    err32
20250204;	095957;	1738659597.000;	    err32
20250204;	100002;	1738659602.000;	    err32
20250204;	100007;	1738659607.000;	    err32
20250204;	100012;	1738659612.000;	    err32
20250204;	100017;	1738659617.000;	    err32
20250204;	100022;	1738659622.000;	    err32
20250204;	100027;	1738659627.000;	    err32
20250204;	100032;	1738659632.000;	    err32
20250204;	100037;	1738659637.000;	    err32
20250204;	100042;	1738659642.000;	    err32
20250204;	100047;	1738659647.000;	    err32
20250204;	100052;	1738659652.000;	    err32
20250204;	100057;	1738659657.000;	    err32
20250204;	100102;	1738659662.000;	    err32
20250204;	100107;	1738659667.000;	    err32
20250204;	100112;	1738659672.000;	    err32
20250204;	100117;	1738659677.000;	    err32
20250204;	100122;	1738659682.000;	    err32
20250204;	100127;	1738659687.000;	    err32
20250204;	100132;	1738659692.000;	    err32
20250204;	100137;	1738659697.000;	    err32
20250204;	100142;	1738659702.000;	    err32
20250204;	100147;	1738659707.000;	    err32
20250204;	100152;	1738659712.000;	    err32
20250204;	100157;	1738659717.000;	    err32
20250204;	100202;	1738659722.000;	    err32
20250204;	100207;	1738659727.000;	    err32
20250204;	100212;	1738659732.000;	    err32
20250204;	100217;	1738659737.000;	    err32
20250204;	100222;	1738659742.000;	    err32
20250204;	100227;	1738659747.000;	    err32
20250204;	100232;	1738659752.000;	    err32
20250204;	100237;	1738659757.000;	    err32
20250204;	100242;	1738659762.000;	    err32
20250204;	100247;	1738659767.000;	    err32
20250204;	100252;	1738659772.000;	    err32
20250204;	100257;	1738659777.000;	    err32
20250204;	100302;	1738659782.000;	    err32
20250204;	100307;	1738659787.000;	    err32
20250204;	100312;	1738659792.000;	    err32
20250204;	100317;	1738659797.000;	    err32
20250204;	100322;	1738659802.000;	    err32
20250204;	100327;	1738659807.000;	    err32
20250204;	100332;	1738659812.000;	    err32
20250204;	100337;	1738659817.000;	    err32
20250204;	100342;	1738659822.000;	    err32
20250204;	100347;	1738659827.000;	    err32
20250204;	100352;	1738659832.000;	    err32
20250204;	100357;	1738659837.000;	    err32
20250204;	100402;	1738659842.000;	    err32
20250204;	100407;	1738659847.000;	    err32
20250204;	100412;	1738659852.000;	    err32
20250204;	100417;	1738659857.000;	    err32
20250204;	100422;	1738659862.000;	    err32
20250204;	100427;	1738659867.000;	    err32
20250204;	100432;	1738659872.000;	    err32
20250204;	100437;	1738659877.000;	    err32
20250204;	100442;	1738659882.000;	    err32
20250204;	100447;	1738659887.000;	    err32
20250204;	100452;	1738659892.000;	    err32
20250204;	100457;	1738659897.000;	    err32
20250204;	100502;	1738659902.000;	    err32
20250204;	100507;	1738659907.000;	    err32
20250204;	100512;	1738659912.000;	    err32
20250204;	100517;	1738659917.000;	    err32
20250204;	100522;	1738659922.000;	    err32
20250204;	100527;	1738659927.000;	    err32
20250204;	100532;	1738659932.000;	    err32
20250204;	100537;	1738659937.000;	    err32
20250204;	100542;	1738659942.000;	    err32
20250204;	100547;	1738659947.000;	    err32
20250204;	100552;	1738659952.000;	    err32
20250204;	100557;	1738659957.000;	    err32
20250204;	100602;	1738659962.000;	    err32
20250204;	100607;	1738659967.000;	    err32
20250204;	100612;	1738659972.000;	    err32
20250204;	100617;	1738659977.000;	    err32
20250204;	100622;	1738659982.000;	    err32
20250204;	100627;	1738659987.000;	    err32
20250204;	100632;	1738659992.000;	    err32
20250204;	100637;	1738659997.000;	    err32
20250204;	100642;	1738660002.000;	    err32
20250204;	100647;	1738660007.000;	    err32
20250204;	100652;	1738660012.000;	    err32
20250204;	100657;	1738660017.000;	    err32
20250204;	100702;	1738660022.000;	    err32
20250204;	100707;	1738660027.000;	    err32
20250204;	100712;	1738660032.000;	    err32
20250204;	100717;	1738660037.000;	    err32
20250204;	100722;	1738660042.000;	    err32
20250204;	100727;	1738660047.000;	    err32
20250204;	100732;	1738660052.000;	    err32
20250204;	100737;	1738660057.000;	    err32
20250204;	100742;	1738660062.000;	    err32
20250204;	100747;	1738660067.000;	    err32
20250204;	100752;	1738660072.000;	    err32
20250204;	100757;	1738660077.000;	    err32
20250204;	100802;	1738660082.000;	    err32
20250204;	100807;	1738660087.000;	    err32
20250204;	100812;	1738660092.000;	    err32
20250204;	100817;	1738660097.000;	    err32
20250204;	100822;	1738660102.000;	    err32
20250204;	100827;	1738660107.000;	    err32
20250204;	100832;	1738660112.000;	    err32
20250204;	100837;	1738660117.000;	    err32
20250204;	100842;	1738660122.000;	    err32
20250204;	100847;	1738660127.000;	    err32
20250204;	100852;	1738660132.000;	    err32
20250204;	100857;	1738660137.000;	    err32
20250204;	100902;	1738660142.000;	    err32
20250204;	100907;	1738660147.000;	    err32
20250204;	100912;	1738660152.000;	    err32
20250204;	100917;	1738660157.000;	    err32
20250204;	100922;	1738660162.000;	    err32
20250204;	100927;	1738660167.000;	    err32
20250204;	100932;	1738660172.000;	    err32
20250204;	100937;	1738660177.000;	    err32
20250204;	100942;	1738660182.000;	    err32
20250204;	100947;	1738660187.000;	    err32
20250204;	100952;	1738660192.000;	    err32
20250204;	100957;	1738660197.000;	    err32
20250204;	101002;	1738660202.000;	    err32
20250204;	101007;	1738660207.000;	    err32
20250204;	101012;	1738660212.000;	    err32
20250204;	101017;	1738660217.000;	    err32
20250204;	101022;	1738660222.000;	    err32
20250204;	101027;	1738660227.000;	    err32
20250204;	101032;	1738660232.000;	    err32
20250204;	101037;	1738660237.000;	    err32
20250204;	101042;	1738660242.000;	    err32
20250204;	101047;	1738660247.000;	    err32
20250204;	101052;	1738660252.000;	    err32
20250204;	101057;	1738660257.000;	    err32
20250204;	101102;	1738660262.000;	    err32
20250204;	101107;	1738660267.000;	    err32
20250204;	101112;	1738660272.000;	    err32
20250204;	101117;	1738660277.000;	    err32
20250204;	101122;	1738660282.000;	    err32
20250204;	101127;	1738660287.000;	    err32
20250204;	101132;	1738660292.000;	    err32
20250204;	101137;	1738660297.000;	    err32
20250204;	101142;	1738660302.000;	    err32
20250204;	101147;	1738660307.000;	    err32
20250204;	101152;	1738660312.000;	    err32
20250204;	101157;	1738660317.000;	    err32
20250204;	101202;	1738660322.000;	    err32
20250204;	101207;	1738660327.000;	    err32
20250204;	101212;	1738660332.000;	    err32
20250204;	101217;	1738660337.000;	    err32
20250204;	101222;	1738660342.000;	    err32
20250204;	101227;	1738660347.000;	    err32
20250204;	101232;	1738660352.000;	    err32
20250204;	101237;	1738660357.000;	    err32
20250204;	101242;	1738660362.000;	    err32
20250204;	101247;	1738660367.000;	    err32
20250204;	101252;	1738660372.000;	    err32
20250204;	101257;	1738660377.000;	    err32
20250204;	101302;	1738660382.000;	    err32
20250204;	101307;	1738660387.000;	    err32
20250204;	101312;	1738660392.000;	    err32
20250204;	101317;	1738660397.000;	    err32
20250204;	101322;	1738660402.000;	    err32
20250204;	101327;	1738660407.000;	    err32
20250204;	101332;	1738660412.000;	    err32
20250204;	101337;	1738660417.000;	    err32
20250204;	101342;	1738660422.000;	    err32
20250204;	101347;	1738660427.000;	    err32
20250204;	101352;	1738660432.000;	    err32
20250204;	101357;	1738660437.000;	    err32
20250204;	101402;	1738660442.000;	    err32
20250204;	101407;	1738660447.000;	    err32
20250204;	101412;	1738660452.000;	    err32
20250204;	101417;	1738660457.000;	    err32
20250204;	101422;	1738660462.000;	    err32
20250204;	101427;	1738660467.000;	    err32
20250204;	101432;	1738660472.000;	    err32
20250204;	101437;	1738660477.000;	    err32
20250204;	101442;	1738660482.000;	    err32
20250204;	101447;	1738660487.000;	    err32
20250204;	101452;	1738660492.000;	    err32
20250204;	101457;	1738660497.000;	    err32
20250204;	101502;	1738660502.000;	    err32
20250204;	101507;	1738660507.000;	    err32
20250204;	101512;	1738660512.000;	    err32
20250204;	101517;	1738660517.000;	    err32
20250204;	101522;	1738660522.000;	    err32
20250204;	101527;	1738660527.000;	    err32
20250204;	101532;	1738660532.000;	    err32
20250204;	101537;	1738660537.000;	    err32
20250204;	101542;	1738660542.000;	    err32
20250204;	101547;	1738660547.000;	    err32
20250204;	101552;	1738660552.000;	    err32
20250204;	101557;	1738660557.000;	    err32
20250204;	101602;	1738660562.000;	    err32
20250204;	101607;	1738660567.000;	    err32
20250204;	101612;	1738660572.000;	    err32
20250204;	101617;	1738660577.000;	    err32
20250204;	101622;	1738660582.000;	    err32
20250204;	101627;	1738660587.000;	    err32
20250204;	101632;	1738660592.000;	    err32
20250204;	101637;	1738660597.000;	    err32
20250204;	101642;	1738660602.000;	    err32
20250204;	101647;	1738660607.000;	    err32
20250204;	101652;	1738660612.000;	    err32
20250204;	101657;	1738660617.000;	    err32
20250204;	101702;	1738660622.000;	    err32
20250204;	101707;	1738660627.000;	    err32
20250204;	101712;	1738660632.000;	    err32
20250204;	101717;	1738660637.000;	    err32
20250204;	101722;	1738660642.000;	    err32
20250204;	101727;	1738660647.000;	    err32
20250204;	101732;	1738660652.000;	    err32
20250204;	101737;	1738660657.000;	    err32
20250204;	101742;	1738660662.000;	    err32
20250204;	101747;	1738660667.000;	    err32
20250204;	101752;	1738660672.000;	    err32
20250204;	101757;	1738660677.000;	    err32
20250204;	101802;	1738660682.000;	    err32
20250204;	101807;	1738660687.000;	    err32
20250204;	101812;	1738660692.000;	    err32
20250204;	101817;	1738660697.000;	    err32
20250204;	101822;	1738660702.000;	    err32
20250204;	101827;	1738660707.000;	    err32
20250204;	101832;	1738660712.000;	    err32
20250204;	101837;	1738660717.000;	    err32
20250204;	101842;	1738660722.000;	    err32
20250204;	101847;	1738660727.000;	    err32
20250204;	101852;	1738660732.000;	    err32
20250204;	101857;	1738660737.000;	    err32
20250204;	101902;	1738660742.000;	    err32
20250204;	101907;	1738660747.000;	    err32
20250204;	101912;	1738660752.000;	    err32
20250204;	101917;	1738660757.000;	    err32
20250204;	101922;	1738660762.000;	    err32
20250204;	101927;	1738660767.000;	    err32
20250204;	101932;	1738660772.000;	    err32
20250204;	101937;	1738660777.000;	    err32
20250204;	101942;	1738660782.000;	    err32
20250204;	101947;	1738660787.000;	    err32
20250204;	101952;	1738660792.000;	    err32
20250204;	101957;	1738660797.000;	    err32
20250204;	102002;	1738660802.000;	    err32
20250204;	102007;	1738660807.000;	    err32
20250204;	102012;	1738660812.000;	    err32
20250204;	102017;	1738660817.000;	    err32
20250204;	102022;	1738660822.000;	    err32
20250204;	102027;	1738660827.000;	    err32
20250204;	102032;	1738660832.000;	    err32
20250204;	102037;	1738660837.000;	    err32
20250204;	102042;	1738660842.000;	    err32
20250204;	102047;	1738660847.000;	    err32
20250204;	102052;	1738660852.000;	    err32
20250204;	102057;	1738660857.000;	    err32
20250204;	102102;	1738660862.000;	    err32
20250204;	102107;	1738660867.000;	    err32
20250204;	102112;	1738660872.000;	    err32
20250204;	102117;	1738660877.000;	    err32
20250204;	102122;	1738660882.000;	    err32
20250204;	102127;	1738660887.000;	    err32
20250204;	102132;	1738660892.000;	    err32
20250204;	102137;	1738660897.000;	    err32
20250204;	102142;	1738660902.000;	    err32
20250204;	102147;	1738660907.000;	    err32
20250204;	102152;	1738660912.000;	    err32
20250204;	102157;	1738660917.000;	    err32
20250204;	102202;	1738660922.000;	    err32
20250204;	102207;	1738660927.000;	    err32
20250204;	102212;	1738660932.000;	    err32
20250204;	102217;	1738660937.000;	    err32
20250204;	102222;	1738660942.000;	    err32
20250204;	102227;	1738660947.000;	    err32
20250204;	102232;	1738660952.000;	    err32
20250204;	102237;	1738660957.000;	    err32
20250204;	102242;	1738660962.000;	    err32
20250204;	102247;	1738660967.000;	    err32
20250204;	102252;	1738660972.000;	    err32
20250204;	102257;	1738660977.000;	    err32
20250204;	102302;	1738660982.000;	    err32
20250204;	102307;	1738660987.000;	    err32
20250204;	102312;	1738660992.000;	    err32
20250204;	102317;	1738660997.000;	    err32
20250204;	102322;	1738661002.000;	    err32
20250204;	102327;	1738661007.000;	    err32
20250204;	102332;	1738661012.000;	    err32
20250204;	102337;	1738661017.000;	    err32
20250204;	102342;	1738661022.000;	    err32
20250204;	102347;	1738661027.000;	    err32
20250204;	102352;	1738661032.000;	    err32
20250204;	102357;	1738661037.000;	    err32
20250204;	102402;	1738661042.000;	    err32
20250204;	102407;	1738661047.000;	    err32
20250204;	102412;	1738661052.000;	    err32
20250204;	102417;	1738661057.000;	    err32
20250204;	102422;	1738661062.000;	    err32
20250204;	102427;	1738661067.000;	    err32
20250204;	102432;	1738661072.000;	    err32
20250204;	102437;	1738661077.000;	    err32
20250204;	102442;	1738661082.000;	    err32
20250204;	102447;	1738661087.000;	    err32
20250204;	102452;	1738661092.000;	    err32
20250204;	102457;	1738661097.000;	    err32
20250204;	102502;	1738661102.000;	    err32
20250204;	102507;	1738661107.000;	    err32
20250204;	102512;	1738661112.000;	    err32
20250204;	102517;	1738661117.000;	    err32
20250204;	102522;	1738661122.000;	    err32
20250204;	102527;	1738661127.000;	    err32
20250204;	102532;	1738661132.000;	    err32
20250204;	102537;	1738661137.000;	    err32
20250204;	102542;	1738661142.000;	    err32
20250204;	102547;	1738661147.000;	    err32
20250204;	102552;	1738661152.000;	    err32
20250204;	102557;	1738661157.000;	    err32
20250204;	102602;	1738661162.000;	    err32
20250204;	102607;	1738661167.000;	    err32
20250204;	102612;	1738661172.000;	    err32
20250204;	102617;	1738661177.000;	    err32
20250204;	102622;	1738661182.000;	    err32
20250204;	102627;	1738661187.000;	    err32
20250204;	102632;	1738661192.000;	    err32
20250204;	102637;	1738661197.000;	    err32
20250204;	102642;	1738661202.000;	    err32
20250204;	102647;	1738661207.000;	    err32
20250204;	102652;	1738661212.000;	    err32
20250204;	102657;	1738661217.000;	    err32
20250204;	102702;	1738661222.000;	    err32
20250204;	102707;	1738661227.000;	    err32
20250204;	102712;	1738661232.000;	    err32
20250204;	102717;	1738661237.000;	    err32
20250204;	102722;	1738661242.000;	    err32
20250204;	102727;	1738661247.000;	    err32
20250204;	102732;	1738661252.000;	    err32
20250204;	102737;	1738661257.000;	    err32
20250204;	102742;	1738661262.000;	    err32
20250204;	102747;	1738661267.000;	    err32
20250204;	102752;	1738661272.000;	    err32
20250204;	102757;	1738661277.000;	    err32
20250204;	102802;	1738661282.000;	    err32
20250204;	102807;	1738661287.000;	    err32
20250204;	102812;	1738661292.000;	    err32
20250204;	102817;	1738661297.000;	    err32
20250204;	102822;	1738661302.000;	    err32
20250204;	102827;	1738661307.000;	    err32
20250204;	102832;	1738661312.000;	    err32
20250204;	102837;	1738661317.000;	    err32
20250204;	102842;	1738661322.000;	    err32
20250204;	102847;	1738661327.000;	    err32
20250204;	102852;	1738661332.000;	    err32
20250204;	102857;	1738661337.000;	    err32
20250204;	102902;	1738661342.000;	    err32
20250204;	102907;	1738661347.000;	    err32
20250204;	102912;	1738661352.000;	    err32
20250204;	102917;	1738661357.000;	    err32
20250204;	102922;	1738661362.000;	    err32
20250204;	102927;	1738661367.000;	    err32
20250204;	102932;	1738661372.000;	    err32
20250204;	102937;	1738661377.000;	    err32
20250204;	102942;	1738661382.000;	    err32
20250204;	102947;	1738661387.000;	    err32
20250204;	102952;	1738661392.000;	    err32
20250204;	102957;	1738661397.000;	    err32
20250204;	103002;	1738661402.000;	    err32
20250204;	103007;	1738661407.000;	    err32
20250204;	103012;	1738661412.000;	    err32
20250204;	103017;	1738661417.000;	    err32
20250204;	103022;	1738661422.000;	    err32
20250204;	103027;	1738661427.000;	    err32
20250204;	103032;	1738661432.000;	    err32
20250204;	103037;	1738661437.000;	    err32
20250204;	103042;	1738661442.000;	    err32
20250204;	103047;	1738661447.000;	    err32
20250204;	103052;	1738661452.000;	    err32
20250204;	103057;	1738661457.000;	    err32
20250204;	103102;	1738661462.000;	    err32
20250204;	103107;	1738661467.000;	    err32
20250204;	103112;	1738661472.000;	    err32
20250204;	103117;	1738661477.000;	    err32
20250204;	103122;	1738661482.000;	    err32
20250204;	103127;	1738661487.000;	    err32
20250204;	103132;	1738661492.000;	    err32
20250204;	103137;	1738661497.000;	    err32
20250204;	103142;	1738661502.000;	    err32
20250204;	103147;	1738661507.000;	    err32
20250204;	103152;	1738661512.000;	    err32
20250204;	103157;	1738661517.000;	    err32
20250204;	103202;	1738661522.000;	    err32
20250204;	103207;	1738661527.000;	    err32
20250204;	103212;	1738661532.000;	    err32
20250204;	103217;	1738661537.000;	    err32
20250204;	103222;	1738661542.000;	    err32
20250204;	103227;	1738661547.000;	    err32
20250204;	103232;	1738661552.000;	    err32
20250204;	103237;	1738661557.000;	    err32
20250204;	103242;	1738661562.000;	    err32
20250204;	103247;	1738661567.000;	    err32
20250204;	103252;	1738661572.000;	    err32
20250204;	103257;	1738661577.000;	    err32
20250204;	103302;	1738661582.000;	    err32
20250204;	103307;	1738661587.000;	    err32
20250204;	103312;	1738661592.000;	    err32
20250204;	103317;	1738661597.000;	    err32
20250204;	103322;	1738661602.000;	    err32
20250204;	103327;	1738661607.000;	    err32
20250204;	103332;	1738661612.000;	    err32
20250204;	103337;	1738661617.000;	    err32
20250204;	103342;	1738661622.000;	    err32
20250204;	103347;	1738661627.000;	    err32
20250204;	103352;	1738661632.000;	    err32
20250204;	103357;	1738661637.000;	    err32
20250204;	103402;	1738661642.000;	    err32
20250204;	103407;	1738661647.000;	    err32
20250204;	103412;	1738661652.000;	    err32
20250204;	103417;	1738661657.000;	    err32
20250204;	103422;	1738661662.000;	    err32
20250204;	103427;	1738661667.000;	    err32
20250204;	103432;	1738661672.000;	    err32
20250204;	103437;	1738661677.000;	    err32
20250204;	103442;	1738661682.000;	    err32
20250204;	103447;	1738661687.000;	    err32
20250204;	103452;	1738661692.000;	    err32
20250204;	103457;	1738661697.000;	    err32
20250204;	103502;	1738661702.000;	    err32
20250204;	103507;	1738661707.000;	    err32
20250204;	103512;	1738661712.000;	    err32
20250204;	103517;	1738661717.000;	    err32
20250204;	103522;	1738661722.000;	    err32
20250204;	103527;	1738661727.000;	    err32
20250204;	103532;	1738661732.000;	    err32
20250204;	103537;	1738661737.000;	    err32
20250204;	103542;	1738661742.000;	    err32
20250204;	103547;	1738661747.000;	    err32
20250204;	103552;	1738661752.000;	    err32
20250204;	103557;	1738661757.000;	    err32
20250204;	103602;	1738661762.000;	    err32
20250204;	103607;	1738661767.000;	    err32
20250204;	103612;	1738661772.000;	    err32
20250204;	103617;	1738661777.000;	    err32
20250204;	103622;	1738661782.000;	    err32
20250204;	103627;	1738661787.000;	    err32
20250204;	103632;	1738661792.000;	    err32
20250204;	103637;	1738661797.000;	    err32
20250204;	103642;	1738661802.000;	    err32
20250204;	103647;	1738661807.000;	    err32
20250204;	103652;	1738661812.000;	    err32
20250204;	103657;	1738661817.000;	    err32
20250204;	103702;	1738661822.000;	    err32
20250204;	103707;	1738661827.000;	    err32
20250204;	103712;	1738661832.000;	    err32
20250204;	103717;	1738661837.000;	    err32
20250204;	103722;	1738661842.000;	    err32
20250204;	103727;	1738661847.000;	    err32
20250204;	103732;	1738661852.000;	    err32
20250204;	103737;	1738661857.000;	    err32
20250204;	103742;	1738661862.000;	    err32
20250204;	103747;	1738661867.000;	    err32
20250204;	103752;	1738661872.000;	    err32
20250204;	103757;	1738661877.000;	    err32
20250204;	103802;	1738661882.000;	    err32
20250204;	103807;	1738661887.000;	    err32
20250204;	103812;	1738661892.000;	    err32
20250204;	103817;	1738661897.000;	    err32
20250204;	103822;	1738661902.000;	    err32
20250204;	103827;	1738661907.000;	    err32
20250204;	103832;	1738661912.000;	    err32
20250204;	103837;	1738661917.000;	    err32
20250204;	103842;	1738661922.000;	    err32
20250204;	103847;	1738661927.000;	    err32
20250204;	103852;	1738661932.000;	    err32
20250204;	103857;	1738661937.000;	    err32
20250204;	103902;	1738661942.000;	    err32
20250204;	103907;	1738661947.000;	    err32
20250204;	103912;	1738661952.000;	    err32
20250204;	103917;	1738661957.000;	    err32
20250204;	103922;	1738661962.000;	    err32
20250204;	103927;	1738661967.000;	    err32
20250204;	103932;	1738661972.000;	    err32
20250204;	103937;	1738661977.000;	    err32
20250204;	103942;	1738661982.000;	    err32
20250204;	103947;	1738661987.000;	    err32
20250204;	103952;	1738661992.000;	    err32
20250204;	103957;	1738661997.000;	    err32
20250204;	104002;	1738662002.000;	    err32
20250204;	104007;	1738662007.000;	    err32
20250204;	104012;	1738662012.000;	    err32
20250204;	104017;	1738662017.000;	    err32
20250204;	104022;	1738662022.000;	    err32
20250204;	104027;	1738662027.000;	    err32
20250204;	104032;	1738662032.000;	    err32
20250204;	104037;	1738662037.000;	    err32
20250204;	104042;	1738662042.000;	    err32
20250204;	104047;	1738662047.000;	    err32
20250204;	104052;	1738662052.000;	    err32
20250204;	104057;	1738662057.000;	    err32
20250204;	104102;	1738662062.000;	    err32
20250204;	104107;	1738662067.000;	    err32
20250204;	104112;	1738662072.000;	    err32
20250204;	104117;	1738662077.000;	    err32
20250204;	104122;	1738662082.000;	    err32
20250204;	104127;	1738662087.000;	    err32
20250204;	104132;	1738662092.000;	    err32
20250204;	104137;	1738662097.000;	    err32
20250204;	104142;	1738662102.000;	    err32
20250204;	104147;	1738662107.000;	    err32
20250204;	104152;	1738662112.000;	    err32
20250204;	104157;	1738662117.000;	    err32
20250204;	104202;	1738662122.000;	    err32
20250204;	104207;	1738662127.000;	    err32
20250204;	104212;	1738662132.000;	    err32
20250204;	104217;	1738662137.000;	    err32
20250204;	104222;	1738662142.000;	    err32
20250204;	104227;	1738662147.000;	    err32
20250204;	104232;	1738662152.000;	    err32
20250204;	104237;	1738662157.000;	    err32
20250204;	104242;	1738662162.000;	    err32
20250204;	104247;	1738662167.000;	    err32
20250204;	104252;	1738662172.000;	    err32
20250204;	104257;	1738662177.000;	    err32
20250204;	104302;	1738662182.000;	    err32
20250204;	104307;	1738662187.000;	    err32
20250204;	104312;	1738662192.000;	    err32
20250204;	104317;	1738662197.000;	    err32
20250204;	104322;	1738662202.000;	    err32
20250204;	104327;	1738662207.000;	    err32
20250204;	104332;	1738662212.000;	    err32
20250204;	104337;	1738662217.000;	    err32
20250204;	104342;	1738662222.000;	    err32
20250204;	104347;	1738662227.000;	    err32
20250204;	104352;	1738662232.000;	    err32
20250204;	104357;	1738662237.000;	    err32
20250204;	104402;	1738662242.000;	    err32
20250204;	104407;	1738662247.000;	    err32
20250204;	104412;	1738662252.000;	    err32
20250204;	104417;	1738662257.000;	    err32
20250204;	104422;	1738662262.000;	    err32
20250204;	104427;	1738662267.000;	    err32
20250204;	104432;	1738662272.000;	    err32
20250204;	104437;	1738662277.000;	    err32
20250204;	104442;	1738662282.000;	    err32
20250204;	104447;	1738662287.000;	    err32
20250204;	104452;	1738662292.000;	    err32
20250204;	104457;	1738662297.000;	    err32
20250204;	104502;	1738662302.000;	    err32
20250204;	104507;	1738662307.000;	    err32
20250204;	104512;	1738662312.000;	    err32
20250204;	104517;	1738662317.000;	    err32
20250204;	104522;	1738662322.000;	    err32
20250204;	104527;	1738662327.000;	    err32
20250204;	104532;	1738662332.000;	    err32
20250204;	104537;	1738662337.000;	    err32
20250204;	104542;	1738662342.000;	    err32
20250204;	104547;	1738662347.000;	    err32
20250204;	104552;	1738662352.000;	    err32
20250204;	104557;	1738662357.000;	    err32
20250204;	104602;	1738662362.000;	    err32
20250204;	104607;	1738662367.000;	    err32
20250204;	104612;	1738662372.000;	    err32
20250204;	104617;	1738662377.000;	    err32
20250204;	104622;	1738662382.000;	    err32
20250204;	104627;	1738662387.000;	    err32
20250204;	104632;	1738662392.000;	    err32
20250204;	104637;	1738662397.000;	    err32
20250204;	104642;	1738662402.000;	    err32
20250204;	104647;	1738662407.000;	    err32
20250204;	104652;	1738662412.000;	    err32
20250204;	104657;	1738662417.000;	    err32
20250204;	104702;	1738662422.000;	    err32
20250204;	104707;	1738662427.000;	    err32
20250204;	104712;	1738662432.000;	   +0.124
20250204;	104717;	1738662437.000;	   +0.132
20250204;	104722;	1738662442.000;	   +0.129
20250204;	104727;	1738662447.000;	   +0.125
20250204;	104732;	1738662452.000;	    err32
20250204;	104737;	1738662457.000;	    err32
20250204;	104742;	1738662462.000;	    err32
20250204;	104747;	1738662467.000;	    err32
20250204;	104752;	1738662472.000;	    err32
20250204;	104757;	1738662477.000;	    err32
20250204;	104802;	1738662482.000;	    err32
20250204;	104807;	1738662487.000;	    err32
20250204;	104812;	1738662492.000;	    err32
20250204;	104817;	1738662497.000;	    err32
20250204;	104822;	1738662502.000;	    err32
20250204;	104827;	1738662507.000;	    err32
20250204;	104832;	1738662512.000;	    err32
20250204;	104837;	1738662517.000;	    err32
20250204;	104842;	1738662522.000;	    err32
20250204;	104847;	1738662527.000;	    err32
20250204;	104852;	1738662532.000;	    err32
20250204;	104857;	1738662537.000;	    err32
20250204;	104902;	1738662542.000;	    err32
20250204;	104907;	1738662547.000;	    err32
20250204;	104912;	1738662552.000;	    err32
20250204;	104917;	1738662557.000;	    err32
20250204;	104922;	1738662562.000;	    err32
20250204;	104927;	1738662567.000;	    err32
20250204;	104932;	1738662572.000;	    err32
20250204;	104937;	1738662577.000;	    err32
20250204;	104942;	1738662582.000;	    err32
20250204;	104947;	1738662587.000;	    err32
20250204;	104952;	1738662592.000;	    err32
20250204;	104957;	1738662597.000;	    err32
20250204;	105002;	1738662602.000;	    err32
20250204;	105007;	1738662607.000;	    err32
20250204;	105012;	1738662612.000;	    err32
20250204;	105017;	1738662617.000;	    err32
20250204;	105022;	1738662622.000;	    err32
20250204;	105027;	1738662627.000;	    err32
20250204;	105032;	1738662632.000;	    err32
20250204;	105037;	1738662637.000;	    err32
20250204;	105042;	1738662642.000;	    err32
20250204;	105047;	1738662647.000;	    err32
20250204;	105052;	1738662652.000;	    err32
20250204;	105057;	1738662657.000;	    err32
20250204;	105102;	1738662662.000;	    err32
20250204;	105107;	1738662667.000;	    err32
20250204;	105112;	1738662672.000;	    err32
20250204;	105117;	1738662677.000;	    err32
20250204;	105122;	1738662682.000;	    err32
20250204;	105127;	1738662687.000;	    err32
20250204;	105132;	1738662692.000;	    err32
20250204;	105137;	1738662697.000;	    err32
20250204;	105142;	1738662702.000;	    err32
20250204;	105147;	1738662707.000;	    err32
20250204;	105152;	1738662712.000;	    err32
20250204;	105157;	1738662717.000;	    err32
20250204;	105202;	1738662722.000;	    err32
20250204;	105207;	1738662727.000;	    err32
20250204;	105212;	1738662732.000;	    err32
20250204;	105217;	1738662737.000;	    err32
20250204;	105222;	1738662742.000;	    err32
20250204;	105227;	1738662747.000;	    err32
20250204;	105232;	1738662752.000;	    err32
20250204;	105237;	1738662757.000;	    err32
20250204;	105242;	1738662762.000;	    err32
20250204;	105247;	1738662767.000;	    err32
20250204;	105252;	1738662772.000;	    err32
20250204;	105257;	1738662777.000;	    err32
20250204;	105302;	1738662782.000;	    err32
20250204;	105307;	1738662787.000;	    err32
20250204;	105312;	1738662792.000;	    err32
20250204;	105317;	1738662797.000;	    err32
20250204;	105322;	1738662802.000;	    err32
20250204;	105327;	1738662807.000;	    err32
20250204;	105332;	1738662812.000;	    err32
20250204;	105337;	1738662817.000;	    err32
20250204;	105342;	1738662822.000;	    err32
20250204;	105347;	1738662827.000;	    err32
20250204;	105352;	1738662832.000;	    err32
20250204;	105357;	1738662837.000;	    err32
20250204;	105402;	1738662842.000;	    err32
20250204;	105407;	1738662847.000;	    err32
20250204;	105412;	1738662852.000;	    err32
20250204;	105417;	1738662857.000;	    err32
20250204;	105422;	1738662862.000;	    err32
20250204;	105427;	1738662867.000;	    err32
20250204;	105432;	1738662872.000;	    err32
20250204;	105437;	1738662877.000;	    err32
20250204;	105442;	1738662882.000;	    err32
20250204;	105447;	1738662887.000;	    err32
20250204;	105452;	1738662892.000;	    err32
20250204;	105457;	1738662897.000;	    err32
20250204;	105502;	1738662902.000;	    err32
20250204;	105507;	1738662907.000;	    err32
20250204;	105512;	1738662912.000;	    err32
20250204;	105517;	1738662917.000;	    err32
20250204;	105522;	1738662922.000;	    err32
20250204;	105527;	1738662927.000;	    err32
20250204;	105532;	1738662932.000;	    err32
20250204;	105537;	1738662937.000;	    err32
20250204;	105542;	1738662942.000;	    err32
20250204;	105547;	1738662947.000;	    err32
20250204;	105552;	1738662952.000;	    err32
20250204;	105557;	1738662957.000;	    err32
20250204;	105602;	1738662962.000;	    err32
20250204;	105607;	1738662967.000;	    err32
20250204;	105612;	1738662972.000;	    err32
20250204;	105617;	1738662977.000;	    err32
20250204;	105622;	1738662982.000;	    err32
20250204;	105627;	1738662987.000;	    err32
20250204;	105632;	1738662992.000;	    err32
20250204;	105637;	1738662997.000;	    err32
20250204;	105642;	1738663002.000;	    err32
20250204;	105647;	1738663007.000;	    err32
20250204;	105652;	1738663012.000;	    err32
20250204;	105657;	1738663017.000;	    err32
20250204;	105702;	1738663022.000;	    err32
20250204;	105707;	1738663027.000;	    err32
20250204;	105712;	1738663032.000;	    err32
20250204;	105717;	1738663037.000;	    err32
20250204;	105722;	1738663042.000;	    err32
20250204;	105727;	1738663047.000;	    err32
20250204;	105732;	1738663052.000;	    err32
20250204;	105737;	1738663057.000;	    err32
20250204;	105742;	1738663062.000;	    err32
20250204;	105747;	1738663067.000;	    err32
20250204;	105752;	1738663072.000;	    err32
20250204;	105757;	1738663077.000;	    err32
20250204;	105802;	1738663082.000;	    err32
20250204;	105807;	1738663087.000;	    err32
20250204;	105812;	1738663092.000;	    err32
20250204;	105817;	1738663097.000;	    err32
20250204;	105822;	1738663102.000;	    err32
20250204;	105827;	1738663107.000;	    err32
20250204;	105832;	1738663112.000;	    err32
20250204;	105837;	1738663117.000;	    err32
20250204;	105842;	1738663122.000;	    err32
20250204;	105847;	1738663127.000;	    err32
20250204;	105852;	1738663132.000;	    err32
20250204;	105857;	1738663137.000;	    err32
20250204;	105902;	1738663142.000;	    err32
20250204;	105907;	1738663147.000;	    err32
20250204;	105912;	1738663152.000;	    err32
20250204;	105917;	1738663157.000;	    err32
20250204;	105922;	1738663162.000;	    err32
20250204;	105927;	1738663167.000;	    err32
20250204;	105932;	1738663172.000;	    err32
20250204;	105937;	1738663177.000;	    err32
20250204;	105942;	1738663182.000;	    err32
20250204;	105947;	1738663187.000;	    err32
20250204;	105952;	1738663192.000;	    err32
20250204;	105957;	1738663197.000;	    err32
20250204;	110002;	1738663202.000;	    err32
20250204;	110007;	1738663207.000;	    err32
20250204;	110012;	1738663212.000;	    err32
20250204;	110017;	1738663217.000;	    err32
20250204;	110022;	1738663222.000;	    err32
20250204;	110027;	1738663227.000;	    err32
20250204;	110032;	1738663232.000;	    err32
20250204;	110037;	1738663237.000;	    err32
20250204;	110042;	1738663242.000;	    err32
20250204;	110047;	1738663247.000;	    err32
20250204;	110052;	1738663252.000;	    err32
20250204;	110057;	1738663257.000;	    err32
20250204;	110102;	1738663262.000;	    err32
20250204;	110107;	1738663267.000;	    err32
20250204;	110112;	1738663272.000;	    err32
20250204;	110117;	1738663277.000;	    err32
20250204;	110122;	1738663282.000;	    err32
20250204;	110127;	1738663287.000;	    err32
20250204;	110132;	1738663292.000;	    err32
20250204;	110137;	1738663297.000;	    err32
20250204;	110142;	1738663302.000;	    err32
20250204;	110147;	1738663307.000;	    err32
20250204;	110152;	1738663312.000;	    err32
20250204;	110157;	1738663317.000;	    err32
20250204;	110202;	1738663322.000;	    err32
20250204;	110207;	1738663327.000;	    err32
20250204;	110212;	1738663332.000;	    err32
20250204;	110217;	1738663337.000;	    err32
20250204;	110222;	1738663342.000;	    err32
20250204;	110227;	1738663347.000;	    err32
20250204;	110232;	1738663352.000;	    err32
20250204;	110237;	1738663357.000;	    err32
20250204;	110242;	1738663362.000;	    err32
20250204;	110247;	1738663367.000;	    err32
20250204;	110252;	1738663372.000;	    err32
20250204;	110257;	1738663377.000;	    err32
20250204;	110302;	1738663382.000;	    err32
20250204;	110307;	1738663387.000;	    err32
20250204;	110312;	1738663392.000;	    err32
20250204;	110317;	1738663397.000;	    err32
20250204;	110322;	1738663402.000;	    err32
20250204;	110327;	1738663407.000;	    err32
20250204;	110332;	1738663412.000;	    err32
20250204;	110337;	1738663417.000;	    err32
20250204;	110342;	1738663422.000;	    err32
20250204;	110347;	1738663427.000;	    err32
20250204;	110352;	1738663432.000;	    err32
20250204;	110357;	1738663437.000;	    err32
20250204;	110402;	1738663442.000;	    err32
20250204;	110407;	1738663447.000;	    err32
20250204;	110412;	1738663452.000;	    err32
20250204;	110417;	1738663457.000;	    err32
20250204;	110422;	1738663462.000;	    err32
20250204;	110427;	1738663467.000;	    err32
20250204;	110432;	1738663472.000;	    err32
20250204;	110437;	1738663477.000;	    err32
20250204;	110442;	1738663482.000;	    err32
20250204;	110447;	1738663487.000;	    err32
20250204;	110452;	1738663492.000;	    err32
20250204;	110457;	1738663497.000;	    err32
20250204;	110502;	1738663502.000;	    err32
20250204;	110507;	1738663507.000;	    err32
20250204;	110512;	1738663512.000;	    err32
20250204;	110517;	1738663517.000;	    err32
20250204;	110522;	1738663522.000;	    err32
20250204;	110527;	1738663527.000;	    err32
20250204;	110532;	1738663532.000;	    err32
20250204;	110537;	1738663537.000;	    err32
20250204;	110542;	1738663542.000;	    err32
20250204;	110547;	1738663547.000;	    err32
20250204;	110552;	1738663552.000;	    err32
20250204;	110557;	1738663557.000;	    err32
20250204;	110602;	1738663562.000;	    err32
20250204;	110607;	1738663567.000;	    err32
20250204;	110612;	1738663572.000;	    err32
20250204;	110617;	1738663577.000;	    err32
20250204;	110622;	1738663582.000;	    err32
20250204;	110627;	1738663587.000;	    err32
20250204;	110632;	1738663592.000;	    err32
20250204;	110637;	1738663597.000;	    err32
20250204;	110642;	1738663602.000;	    err32
20250204;	110647;	1738663607.000;	    err32
20250204;	110652;	1738663612.000;	    err32
20250204;	110657;	1738663617.000;	    err32
20250204;	110702;	1738663622.000;	    err32
20250204;	110707;	1738663627.000;	    err32
20250204;	110712;	1738663632.000;	    err32
20250204;	110717;	1738663637.000;	    err32
20250204;	110722;	1738663642.000;	    err32
20250204;	110727;	1738663647.000;	    err32
20250204;	110732;	1738663652.000;	    err32
20250204;	110737;	1738663657.000;	    err32
20250204;	110742;	1738663662.000;	    err32
20250204;	110747;	1738663667.000;	    err32
20250204;	110752;	1738663672.000;	    err32
20250204;	110757;	1738663677.000;	    err32
20250204;	110802;	1738663682.000;	    err32
20250204;	110807;	1738663687.000;	    err32
20250204;	110812;	1738663692.000;	    err32
20250204;	110817;	1738663697.000;	    err32
20250204;	110822;	1738663702.000;	    err32
20250204;	110827;	1738663707.000;	    err32
20250204;	110832;	1738663712.000;	    err32
20250204;	110837;	1738663717.000;	    err32
20250204;	110842;	1738663722.000;	    err32
20250204;	110847;	1738663727.000;	    err32
20250204;	110852;	1738663732.000;	    err32
20250204;	110857;	1738663737.000;	    err32
20250204;	110902;	1738663742.000;	    err32
20250204;	110907;	1738663747.000;	    err32
20250204;	110912;	1738663752.000;	    err32
20250204;	110917;	1738663757.000;	    err32
20250204;	110922;	1738663762.000;	    err32
20250204;	110927;	1738663767.000;	    err32
20250204;	110932;	1738663772.000;	    err32
20250204;	110937;	1738663777.000;	    err32
20250204;	110942;	1738663782.000;	    err32
20250204;	110947;	1738663787.000;	    err32
20250204;	110952;	1738663792.000;	    err32
20250204;	110957;	1738663797.000;	    err32
20250204;	111002;	1738663802.000;	    err32
20250204;	111007;	1738663807.000;	    err32
20250204;	111012;	1738663812.000;	    err32
20250204;	111017;	1738663817.000;	    err32
20250204;	111022;	1738663822.000;	    err32
20250204;	111027;	1738663827.000;	    err32
20250204;	111032;	1738663832.000;	    err32
20250204;	111037;	1738663837.000;	    err32
20250204;	111042;	1738663842.000;	    err32
20250204;	111047;	1738663847.000;	    err32
20250204;	111052;	1738663852.000;	    err32
20250204;	111057;	1738663857.000;	    err32
20250204;	111102;	1738663862.000;	    err32
20250204;	111107;	1738663867.000;	    err32
20250204;	111112;	1738663872.000;	    err32
20250204;	111117;	1738663877.000;	    err32
20250204;	111122;	1738663882.000;	    err32
20250204;	111127;	1738663887.000;	    err32
20250204;	111132;	1738663892.000;	    err32
20250204;	111137;	1738663897.000;	    err32
20250204;	111142;	1738663902.000;	    err32
20250204;	111147;	1738663907.000;	    err32
20250204;	111152;	1738663912.000;	    err32
20250204;	111157;	1738663917.000;	    err32
20250204;	111202;	1738663922.000;	    err32
20250204;	111207;	1738663927.000;	    err32
20250204;	111212;	1738663932.000;	    err32
20250204;	111217;	1738663937.000;	    err32
20250204;	111222;	1738663942.000;	    err32
20250204;	111227;	1738663947.000;	    err32
20250204;	111232;	1738663952.000;	    err32
20250204;	111237;	1738663957.000;	    err32
20250204;	111242;	1738663962.000;	    err32
20250204;	111247;	1738663967.000;	    err32
20250204;	111252;	1738663972.000;	    err32
20250204;	111257;	1738663977.000;	    err32
20250204;	111302;	1738663982.000;	    err32
20250204;	111307;	1738663987.000;	    err32
20250204;	111312;	1738663992.000;	    err32
20250204;	111317;	1738663997.000;	    err32
20250204;	111322;	1738664002.000;	    err32
20250204;	111327;	1738664007.000;	    err32
20250204;	111332;	1738664012.000;	    err32
20250204;	111337;	1738664017.000;	    err32
20250204;	111342;	1738664022.000;	    err32
20250204;	111347;	1738664027.000;	    err32
20250204;	111352;	1738664032.000;	    err32
20250204;	111357;	1738664037.000;	    err32
20250204;	111402;	1738664042.000;	    err32
20250204;	111407;	1738664047.000;	    err32
20250204;	111412;	1738664052.000;	    err32
20250204;	111417;	1738664057.000;	    err32
20250204;	111422;	1738664062.000;	    err32
20250204;	111427;	1738664067.000;	    err32
20250204;	111432;	1738664072.000;	    err32
20250204;	111437;	1738664077.000;	    err32
20250204;	111442;	1738664082.000;	    err32
20250204;	111447;	1738664087.000;	    err32
20250204;	111452;	1738664092.000;	    err32
20250204;	111457;	1738664097.000;	    err32
20250204;	111502;	1738664102.000;	    err32
20250204;	111507;	1738664107.000;	    err32
20250204;	111512;	1738664112.000;	    err32
20250204;	111517;	1738664117.000;	    err32
20250204;	111522;	1738664122.000;	    err32
20250204;	111527;	1738664127.000;	    err32
20250204;	111532;	1738664132.000;	    err32
20250204;	111537;	1738664137.000;	    err32
20250204;	111542;	1738664142.000;	    err32
20250204;	111547;	1738664147.000;	    err32
20250204;	111552;	1738664152.000;	    err32
20250204;	111557;	1738664157.000;	    err32
20250204;	111602;	1738664162.000;	    err32
20250204;	111607;	1738664167.000;	    err32
20250204;	111612;	1738664172.000;	    err32
20250204;	111617;	1738664177.000;	    err32
20250204;	111622;	1738664182.000;	    err32
20250204;	111627;	1738664187.000;	    err32
20250204;	111632;	1738664192.000;	    err32
20250204;	111637;	1738664197.000;	    err32
20250204;	111642;	1738664202.000;	    err32
20250204;	111647;	1738664207.000;	    err32
20250204;	111652;	1738664212.000;	    err32
20250204;	111657;	1738664217.000;	    err32
20250204;	111702;	1738664222.000;	    err32
20250204;	111707;	1738664227.000;	    err32
20250204;	111712;	1738664232.000;	    err32
20250204;	111717;	1738664237.000;	    err32
20250204;	111722;	1738664242.000;	    err32
20250204;	111727;	1738664247.000;	    err32
20250204;	111732;	1738664252.000;	    err32
20250204;	111737;	1738664257.000;	    err32
20250204;	111742;	1738664262.000;	    err32
20250204;	111747;	1738664267.000;	    err32
20250204;	111752;	1738664272.000;	    err32
20250204;	111757;	1738664277.000;	    err32
20250204;	111802;	1738664282.000;	    err32
20250204;	111807;	1738664287.000;	    err32
20250204;	111812;	1738664292.000;	    err32
20250204;	111817;	1738664297.000;	    err32
20250204;	111822;	1738664302.000;	    err32
20250204;	111827;	1738664307.000;	    err32
20250204;	111832;	1738664312.000;	    err32
20250204;	111837;	1738664317.000;	    err32
20250204;	111842;	1738664322.000;	    err32
20250204;	111847;	1738664327.000;	    err32
20250204;	111852;	1738664332.000;	    err32
20250204;	111857;	1738664337.000;	    err32
20250204;	111902;	1738664342.000;	    err32
20250204;	111907;	1738664347.000;	    err32
20250204;	111912;	1738664352.000;	    err32
20250204;	111917;	1738664357.000;	    err32
20250204;	111922;	1738664362.000;	    err32
20250204;	111927;	1738664367.000;	    err32
20250204;	111932;	1738664372.000;	    err32
20250204;	111937;	1738664377.000;	    err32
20250204;	111942;	1738664382.000;	    err32
20250204;	111947;	1738664387.000;	    err32
20250204;	111952;	1738664392.000;	    err32
20250204;	111957;	1738664397.000;	    err32
20250204;	112002;	1738664402.000;	    err32
20250204;	112007;	1738664407.000;	    err32
20250204;	112012;	1738664412.000;	    err32
20250204;	112017;	1738664417.000;	    err32
20250204;	112022;	1738664422.000;	    err32
20250204;	112027;	1738664427.000;	    err32
20250204;	112032;	1738664432.000;	    err32
20250204;	112037;	1738664437.000;	    err32
20250204;	112042;	1738664442.000;	    err32
20250204;	112047;	1738664447.000;	    err32
20250204;	112052;	1738664452.000;	    err32
20250204;	112057;	1738664457.000;	    err32
20250204;	112102;	1738664462.000;	    err32
20250204;	112107;	1738664467.000;	    err32
20250204;	112112;	1738664472.000;	    err32
20250204;	112117;	1738664477.000;	    err32
20250204;	112122;	1738664482.000;	    err32
20250204;	112127;	1738664487.000;	    err32
20250204;	112132;	1738664492.000;	    err32
20250204;	112137;	1738664497.000;	    err32
20250204;	112142;	1738664502.000;	    err32
20250204;	112147;	1738664507.000;	    err32
20250204;	112152;	1738664512.000;	    err32
20250204;	112157;	1738664517.000;	    err32
20250204;	112202;	1738664522.000;	    err32
20250204;	112207;	1738664527.000;	    err32
20250204;	112212;	1738664532.000;	    err32
20250204;	112217;	1738664537.000;	    err32
20250204;	112222;	1738664542.000;	    err32
20250204;	112227;	1738664547.000;	    err32
20250204;	112232;	1738664552.000;	    err32
20250204;	112237;	1738664557.000;	    err32
20250204;	112242;	1738664562.000;	    err32
20250204;	112247;	1738664567.000;	    err32
20250204;	112252;	1738664572.000;	    err32
20250204;	112257;	1738664577.000;	    err32
20250204;	112302;	1738664582.000;	    err32
20250204;	112307;	1738664587.000;	    err32
20250204;	112312;	1738664592.000;	    err32
20250204;	112317;	1738664597.000;	    err32
20250204;	112322;	1738664602.000;	    err32
20250204;	112327;	1738664607.000;	    err32
20250204;	112332;	1738664612.000;	    err32
20250204;	112337;	1738664617.000;	    err32
20250204;	112342;	1738664622.000;	    err32
20250204;	112347;	1738664627.000;	    err32
20250204;	112352;	1738664632.000;	    err32
20250204;	112357;	1738664637.000;	    err32
20250204;	112402;	1738664642.000;	    err32
20250204;	112407;	1738664647.000;	    err32
20250204;	112412;	1738664652.000;	    err32
20250204;	112417;	1738664657.000;	    err32
20250204;	112422;	1738664662.000;	    err32
20250204;	112427;	1738664667.000;	    err32
20250204;	112432;	1738664672.000;	    err32
20250204;	112437;	1738664677.000;	    err32
20250204;	112442;	1738664682.000;	    err32
20250204;	112447;	1738664687.000;	    err32
20250204;	112452;	1738664692.000;	    err32
20250204;	112457;	1738664697.000;	    err32
20250204;	112502;	1738664702.000;	    err32
20250204;	112507;	1738664707.000;	    err32
20250204;	112512;	1738664712.000;	    err32
20250204;	112517;	1738664717.000;	    err32
20250204;	112522;	1738664722.000;	    err32
20250204;	112527;	1738664727.000;	    err32
20250204;	112532;	1738664732.000;	    err32
20250204;	112537;	1738664737.000;	    err32
20250204;	112542;	1738664742.000;	    err32
20250204;	112547;	1738664747.000;	    err32
20250204;	112552;	1738664752.000;	    err32
20250204;	112557;	1738664757.000;	    err32
20250204;	112602;	1738664762.000;	    err32
20250204;	112607;	1738664767.000;	    err32
20250204;	112612;	1738664772.000;	    err32
20250204;	112617;	1738664777.000;	    err32
20250204;	112622;	1738664782.000;	    err32
20250204;	112627;	1738664787.000;	    err32
20250204;	112632;	1738664792.000;	    err32
20250204;	112637;	1738664797.000;	    err32
20250204;	112642;	1738664802.000;	    err32
20250204;	112647;	1738664807.000;	    err32
20250204;	112652;	1738664812.000;	    err32
20250204;	112657;	1738664817.000;	    err32
20250204;	112702;	1738664822.000;	    err32
20250204;	112707;	1738664827.000;	    err32
20250204;	112712;	1738664832.000;	    err32
20250204;	112717;	1738664837.000;	    err32
20250204;	112722;	1738664842.000;	    err32
20250204;	112727;	1738664847.000;	    err32
20250204;	112732;	1738664852.000;	    err32
20250204;	112737;	1738664857.000;	    err32
20250204;	112742;	1738664862.000;	    err32
20250204;	112747;	1738664867.000;	    err32
20250204;	112752;	1738664872.000;	    err32
20250204;	112757;	1738664877.000;	    err32
20250204;	112802;	1738664882.000;	    err32
20250204;	112807;	1738664887.000;	    err32
20250204;	112812;	1738664892.000;	    err32
20250204;	112817;	1738664897.000;	    err32
20250204;	112822;	1738664902.000;	    err32
20250204;	112827;	1738664907.000;	    err32
20250204;	112832;	1738664912.000;	    err32
20250204;	112837;	1738664917.000;	    err32
20250204;	112842;	1738664922.000;	    err32
20250204;	112847;	1738664927.000;	    err32
20250204;	112852;	1738664932.000;	    err32
20250204;	112857;	1738664937.000;	    err32
20250204;	112902;	1738664942.000;	    err32
20250204;	112907;	1738664947.000;	    err32
20250204;	112912;	1738664952.000;	    err32
20250204;	112917;	1738664957.000;	    err32
20250204;	112922;	1738664962.000;	    err32
20250204;	112927;	1738664967.000;	    err32
20250204;	112932;	1738664972.000;	    err32
20250204;	112937;	1738664977.000;	    err32
20250204;	112942;	1738664982.000;	    err32
20250204;	112947;	1738664987.000;	    err32
20250204;	112952;	1738664992.000;	    err32
20250204;	112957;	1738664997.000;	    err32
20250204;	113002;	1738665002.000;	    err32
20250204;	113007;	1738665007.000;	    err32
20250204;	113012;	1738665012.000;	    err32
20250204;	113017;	1738665017.000;	    err32
20250204;	113022;	1738665022.000;	    err32
20250204;	113027;	1738665027.000;	    err32
20250204;	113032;	1738665032.000;	    err32
20250204;	113037;	1738665037.000;	    err32
20250204;	113042;	1738665042.000;	    err32
20250204;	113047;	1738665047.000;	    err32
20250204;	113052;	1738665052.000;	    err32
20250204;	113057;	1738665057.000;	    err32
20250204;	113102;	1738665062.000;	    err32
20250204;	113107;	1738665067.000;	    err32
20250204;	113112;	1738665072.000;	    err32
20250204;	113117;	1738665077.000;	    err32
20250204;	113122;	1738665082.000;	    err32
20250204;	113127;	1738665087.000;	    err32
20250204;	113132;	1738665092.000;	    err32
20250204;	113137;	1738665097.000;	    err32
20250204;	113142;	1738665102.000;	    err32
20250204;	113147;	1738665107.000;	    err32
20250204;	113152;	1738665112.000;	    err32
20250204;	113157;	1738665117.000;	    err32
20250204;	113202;	1738665122.000;	    err32
20250204;	113207;	1738665127.000;	    err32
20250204;	113212;	1738665132.000;	    err32
20250204;	113217;	1738665137.000;	    err32
20250204;	113222;	1738665142.000;	    err32
20250204;	113227;	1738665147.000;	    err32
20250204;	113232;	1738665152.000;	    err32
20250204;	113237;	1738665157.000;	    err32
20250204;	113242;	1738665162.000;	    err32
20250204;	113247;	1738665167.000;	    err32
20250204;	113252;	1738665172.000;	    err32
20250204;	113257;	1738665177.000;	    err32
20250204;	113302;	1738665182.000;	    err32
20250204;	113307;	1738665187.000;	    err32
20250204;	113312;	1738665192.000;	    err32
20250204;	113317;	1738665197.000;	    err32
20250204;	113322;	1738665202.000;	    err32
20250204;	113327;	1738665207.000;	    err32
20250204;	113332;	1738665212.000;	    err32
20250204;	113337;	1738665217.000;	    err32
20250204;	113342;	1738665222.000;	    err32
20250204;	113347;	1738665227.000;	    err32
20250204;	113352;	1738665232.000;	    err32
20250204;	113357;	1738665237.000;	    err32
20250204;	113402;	1738665242.000;	    err32
20250204;	113407;	1738665247.000;	    err32
20250204;	113412;	1738665252.000;	    err32
20250204;	113417;	1738665257.000;	    err32
20250204;	113422;	1738665262.000;	    err32
20250204;	113427;	1738665267.000;	    err32
20250204;	113432;	1738665272.000;	    err32
20250204;	113437;	1738665277.000;	    err32
20250204;	113442;	1738665282.000;	    err32
20250204;	113447;	1738665287.000;	    err32
20250204;	113452;	1738665292.000;	    err32
20250204;	113457;	1738665297.000;	    err32
20250204;	113502;	1738665302.000;	    err32
20250204;	113507;	1738665307.000;	    err32
20250204;	113512;	1738665312.000;	    err32
20250204;	113517;	1738665317.000;	    err32
20250204;	113522;	1738665322.000;	    err32
20250204;	113527;	1738665327.000;	    err32
20250204;	113532;	1738665332.000;	    err32
20250204;	113537;	1738665337.000;	    err32
20250204;	113542;	1738665342.000;	    err32
20250204;	113547;	1738665347.000;	    err32
20250204;	113552;	1738665352.000;	    err32
20250204;	113557;	1738665357.000;	    err32
20250204;	113602;	1738665362.000;	    err32
20250204;	113607;	1738665367.000;	    err32
20250204;	113612;	1738665372.000;	    err32
20250204;	113617;	1738665377.000;	    err32
20250204;	113622;	1738665382.000;	    err32
20250204;	113627;	1738665387.000;	    err32
20250204;	113632;	1738665392.000;	    err32
20250204;	113637;	1738665397.000;	    err32
20250204;	113642;	1738665402.000;	    err32
20250204;	113647;	1738665407.000;	    err32
20250204;	113652;	1738665412.000;	    err32
20250204;	113657;	1738665417.000;	    err32
20250204;	113702;	1738665422.000;	    err32
20250204;	113707;	1738665427.000;	    err32
20250204;	113712;	1738665432.000;	    err32
20250204;	113717;	1738665437.000;	    err32
20250204;	113722;	1738665442.000;	    err32
20250204;	113727;	1738665447.000;	    err32
20250204;	113732;	1738665452.000;	    err32
20250204;	113737;	1738665457.000;	    err32
20250204;	113742;	1738665462.000;	    err32
20250204;	113747;	1738665467.000;	    err32
20250204;	113752;	1738665472.000;	    err32
20250204;	113757;	1738665477.000;	    err32
20250204;	113802;	1738665482.000;	    err32
20250204;	113807;	1738665487.000;	    err32
20250204;	113812;	1738665492.000;	    err32
20250204;	113817;	1738665497.000;	    err32
20250204;	113822;	1738665502.000;	    err32
20250204;	113827;	1738665507.000;	    err32
20250204;	113832;	1738665512.000;	    err32
20250204;	113837;	1738665517.000;	    err32
20250204;	113842;	1738665522.000;	    err32
20250204;	113847;	1738665527.000;	    err32
20250204;	113852;	1738665532.000;	    err32
20250204;	113857;	1738665537.000;	    err32
20250204;	113902;	1738665542.000;	    err32
20250204;	113907;	1738665547.000;	    err32
20250204;	113912;	1738665552.000;	    err32
20250204;	113917;	1738665557.000;	    err32
20250204;	113922;	1738665562.000;	    err32
20250204;	113927;	1738665567.000;	    err32
20250204;	113932;	1738665572.000;	    err32
20250204;	113937;	1738665577.000;	    err32
20250204;	113942;	1738665582.000;	    err32
20250204;	113947;	1738665587.000;	    err32
20250204;	113952;	1738665592.000;	    err32
20250204;	113957;	1738665597.000;	    err32
20250204;	114002;	1738665602.000;	    err32
20250204;	114007;	1738665607.000;	    err32
20250204;	114012;	1738665612.000;	    err32
20250204;	114017;	1738665617.000;	    err32
20250204;	114022;	1738665622.000;	    err32
20250204;	114027;	1738665627.000;	    err32
20250204;	114032;	1738665632.000;	    err32
20250204;	114037;	1738665637.000;	    err32
20250204;	114042;	1738665642.000;	    err32
20250204;	114047;	1738665647.000;	    err32
20250204;	114052;	1738665652.000;	    err32
20250204;	114057;	1738665657.000;	    err32
20250204;	114102;	1738665662.000;	    err32
20250204;	114107;	1738665667.000;	    err32
20250204;	114112;	1738665672.000;	    err32
20250204;	114117;	1738665677.000;	    err32
20250204;	114122;	1738665682.000;	    err32
20250204;	114127;	1738665687.000;	    err32
20250204;	114132;	1738665692.000;	    err32
20250204;	114137;	1738665697.000;	    err32
20250204;	114142;	1738665702.000;	    err32
20250204;	114147;	1738665707.000;	    err32
20250204;	114152;	1738665712.000;	    err32
20250204;	114157;	1738665717.000;	    err32
20250204;	114202;	1738665722.000;	    err32
20250204;	114207;	1738665727.000;	    err32
20250204;	114212;	1738665732.000;	    err32
20250204;	114217;	1738665737.000;	    err32
20250204;	114222;	1738665742.000;	    err32
20250204;	114227;	1738665747.000;	    err32
20250204;	114232;	1738665752.000;	    err32
20250204;	114237;	1738665757.000;	    err32
20250204;	114242;	1738665762.000;	    err32
20250204;	114247;	1738665767.000;	    err32
20250204;	114252;	1738665772.000;	    err32
20250204;	114257;	1738665777.000;	    err32
20250204;	114302;	1738665782.000;	    err32
20250204;	114307;	1738665787.000;	    err32
20250204;	114312;	1738665792.000;	    err32
20250204;	114317;	1738665797.000;	    err32
20250204;	114322;	1738665802.000;	    err32
20250204;	114327;	1738665807.000;	    err32
20250204;	114332;	1738665812.000;	    err32
20250204;	114337;	1738665817.000;	    err32
20250204;	114342;	1738665822.000;	    err32
20250204;	114347;	1738665827.000;	    err32
20250204;	114352;	1738665832.000;	    err32
20250204;	114357;	1738665837.000;	    err32
20250204;	114402;	1738665842.000;	    err32
20250204;	114407;	1738665847.000;	    err32
20250204;	114412;	1738665852.000;	    err32
20250204;	114417;	1738665857.000;	    err32
20250204;	114422;	1738665862.000;	    err32
20250204;	114427;	1738665867.000;	    err32
20250204;	114432;	1738665872.000;	    err32
20250204;	114437;	1738665877.000;	    err32
20250204;	114442;	1738665882.000;	    err32
20250204;	114447;	1738665887.000;	    err32
20250204;	114452;	1738665892.000;	    err32
20250204;	114457;	1738665897.000;	    err32
20250204;	114502;	1738665902.000;	    err32
20250204;	114507;	1738665907.000;	    err32
20250204;	114512;	1738665912.000;	    err32
20250204;	114517;	1738665917.000;	    err32
20250204;	114522;	1738665922.000;	    err32
20250204;	114527;	1738665927.000;	    err32
20250204;	114532;	1738665932.000;	    err32
20250204;	114537;	1738665937.000;	    err32
20250204;	114542;	1738665942.000;	    err32
20250204;	114547;	1738665947.000;	    err32
20250204;	114552;	1738665952.000;	    err32
20250204;	114557;	1738665957.000;	    err32
20250204;	114602;	1738665962.000;	    err32
20250204;	114607;	1738665967.000;	    err32
20250204;	114612;	1738665972.000;	    err32
20250204;	114617;	1738665977.000;	    err32
20250204;	114622;	1738665982.000;	    err32
20250204;	114627;	1738665987.000;	    err32
20250204;	114632;	1738665992.000;	    err32
20250204;	114637;	1738665997.000;	    err32
20250204;	114642;	1738666002.000;	    err32
20250204;	114647;	1738666007.000;	    err32
20250204;	114652;	1738666012.000;	    err32
20250204;	114657;	1738666017.000;	    err32
20250204;	114702;	1738666022.000;	    err32
20250204;	114707;	1738666027.000;	    err32
20250204;	114712;	1738666032.000;	    err32
20250204;	114717;	1738666037.000;	    err32
20250204;	114722;	1738666042.000;	    err32
20250204;	114727;	1738666047.000;	    err32
20250204;	114732;	1738666052.000;	    err32
20250204;	114737;	1738666057.000;	    err32
20250204;	114742;	1738666062.000;	    err32
20250204;	114747;	1738666067.000;	    err32
20250204;	114752;	1738666072.000;	    err32
20250204;	114757;	1738666077.000;	    err32
20250204;	114802;	1738666082.000;	    err32
20250204;	114807;	1738666087.000;	    err32
20250204;	114812;	1738666092.000;	    err32
20250204;	114817;	1738666097.000;	    err32
20250204;	114822;	1738666102.000;	    err32
20250204;	114827;	1738666107.000;	    err32
20250204;	114832;	1738666112.000;	    err32
20250204;	114837;	1738666117.000;	    err32
20250204;	114842;	1738666122.000;	    err32
20250204;	114847;	1738666127.000;	    err32
20250204;	114852;	1738666132.000;	    err32
20250204;	114857;	1738666137.000;	    err32
20250204;	114902;	1738666142.000;	    err32
20250204;	114907;	1738666147.000;	    err32
20250204;	114912;	1738666152.000;	    err32
20250204;	114917;	1738666157.000;	    err32
20250204;	114922;	1738666162.000;	    err32
20250204;	114927;	1738666167.000;	    err32
20250204;	114932;	1738666172.000;	    err32
20250204;	114937;	1738666177.000;	    err32
20250204;	114942;	1738666182.000;	    err32
20250204;	114947;	1738666187.000;	    err32
20250204;	114952;	1738666192.000;	    err32
20250204;	114957;	1738666197.000;	    err32
20250204;	115002;	1738666202.000;	    err32
20250204;	115007;	1738666207.000;	    err32
20250204;	115012;	1738666212.000;	    err32
20250204;	115017;	1738666217.000;	    err32
20250204;	115022;	1738666222.000;	    err32
20250204;	115027;	1738666227.000;	    err32
20250204;	115032;	1738666232.000;	    err32
20250204;	115037;	1738666237.000;	    err32
20250204;	115042;	1738666242.000;	    err32
20250204;	115047;	1738666247.000;	    err32
20250204;	115052;	1738666252.000;	    err32
20250204;	115057;	1738666257.000;	    err32
20250204;	115102;	1738666262.000;	    err32
20250204;	115107;	1738666267.000;	    err32
20250204;	115112;	1738666272.000;	    err32
20250204;	115117;	1738666277.000;	    err32
20250204;	115122;	1738666282.000;	    err32
20250204;	115127;	1738666287.000;	    err32
20250204;	115132;	1738666292.000;	    err32
20250204;	115137;	1738666297.000;	    err32
20250204;	115142;	1738666302.000;	    err32
20250204;	115147;	1738666307.000;	    err32
20250204;	115152;	1738666312.000;	    err32
20250204;	115157;	1738666317.000;	    err32
20250204;	115202;	1738666322.000;	    err32
20250204;	115207;	1738666327.000;	    err32
20250204;	115212;	1738666332.000;	    err32
20250204;	115217;	1738666337.000;	    err32
20250204;	115222;	1738666342.000;	    err32
20250204;	115227;	1738666347.000;	    err32
20250204;	115232;	1738666352.000;	    err32
20250204;	115237;	1738666357.000;	    err32
20250204;	115242;	1738666362.000;	    err32
20250204;	115247;	1738666367.000;	    err32
20250204;	115252;	1738666372.000;	    err32
20250204;	115257;	1738666377.000;	    err32
20250204;	115302;	1738666382.000;	    err32
20250204;	115307;	1738666387.000;	    err32
20250204;	115312;	1738666392.000;	    err32
20250204;	115317;	1738666397.000;	    err32
20250204;	115322;	1738666402.000;	    err32
20250204;	115327;	1738666407.000;	    err32
20250204;	115332;	1738666412.000;	    err32
20250204;	115337;	1738666417.000;	    err32
20250204;	115342;	1738666422.000;	    err32
20250204;	115347;	1738666427.000;	    err32
20250204;	115352;	1738666432.000;	    err32
20250204;	115357;	1738666437.000;	    err32
20250204;	115402;	1738666442.000;	    err32
20250204;	115407;	1738666447.000;	    err32
20250204;	115412;	1738666452.000;	    err32
20250204;	115417;	1738666457.000;	    err32
20250204;	115422;	1738666462.000;	    err32
20250204;	115427;	1738666467.000;	    err32
20250204;	115432;	1738666472.000;	    err32
20250204;	115437;	1738666477.000;	    err32
20250204;	115442;	1738666482.000;	    err32
20250204;	115447;	1738666487.000;	    err32
20250204;	115452;	1738666492.000;	    err32
20250204;	115457;	1738666497.000;	    err32
20250204;	115502;	1738666502.000;	    err32
20250204;	115507;	1738666507.000;	    err32
20250204;	115512;	1738666512.000;	    err32
20250204;	115517;	1738666517.000;	    err32
20250204;	115522;	1738666522.000;	    err32
20250204;	115527;	1738666527.000;	    err32
20250204;	115532;	1738666532.000;	    err32
20250204;	115537;	1738666537.000;	    err32
20250204;	115542;	1738666542.000;	    err32
20250204;	115547;	1738666547.000;	    err32
20250204;	115552;	1738666552.000;	    err32
20250204;	115557;	1738666557.000;	    err32
20250204;	115602;	1738666562.000;	    err32
20250204;	115607;	1738666567.000;	    err32
20250204;	115612;	1738666572.000;	    err32
20250204;	115617;	1738666577.000;	    err32
20250204;	115622;	1738666582.000;	    err32
20250204;	115627;	1738666587.000;	    err32
20250204;	115632;	1738666592.000;	    err32
20250204;	115637;	1738666597.000;	    err32
20250204;	115642;	1738666602.000;	    err32
20250204;	115647;	1738666607.000;	    err32
20250204;	115652;	1738666612.000;	    err32
20250204;	115657;	1738666617.000;	    err32
20250204;	115702;	1738666622.000;	    err32
20250204;	115707;	1738666627.000;	    err32
20250204;	115712;	1738666632.000;	    err32
20250204;	115717;	1738666637.000;	    err32
20250204;	115722;	1738666642.000;	    err32
20250204;	115727;	1738666647.000;	    err32
20250204;	115732;	1738666652.000;	    err32
20250204;	115737;	1738666657.000;	    err32
20250204;	115742;	1738666662.000;	    err32
20250204;	115747;	1738666667.000;	    err32
20250204;	115752;	1738666672.000;	    err32
20250204;	115757;	1738666677.000;	    err32
20250204;	115802;	1738666682.000;	    err32
20250204;	115807;	1738666687.000;	    err32
20250204;	115812;	1738666692.000;	    err32
20250204;	115817;	1738666697.000;	    err32
20250204;	115822;	1738666702.000;	    err32
20250204;	115827;	1738666707.000;	    err32
20250204;	115832;	1738666712.000;	    err32
20250204;	115837;	1738666717.000;	    err32
20250204;	115842;	1738666722.000;	    err32
20250204;	115847;	1738666727.000;	    err32
20250204;	115852;	1738666732.000;	    err32
20250204;	115857;	1738666737.000;	    err32
20250204;	115902;	1738666742.000;	    err32
20250204;	115907;	1738666747.000;	    err32
20250204;	115912;	1738666752.000;	    err32
20250204;	115917;	1738666757.000;	    err32
20250204;	115922;	1738666762.000;	    err32
20250204;	115927;	1738666767.000;	    err32
20250204;	115932;	1738666772.000;	    err32
20250204;	115937;	1738666777.000;	    err32
20250204;	115942;	1738666782.000;	    err32
20250204;	115947;	1738666787.000;	    err32
20250204;	115952;	1738666792.000;	    err32
20250204;	115957;	1738666797.000;	    err32
20250204;	120002;	1738666802.000;	    err32
20250204;	120007;	1738666807.000;	    err32
20250204;	120012;	1738666812.000;	    err32
20250204;	120017;	1738666817.000;	    err32
20250204;	120022;	1738666822.000;	    err32
20250204;	120027;	1738666827.000;	    err32
20250204;	120032;	1738666832.000;	    err32
20250204;	120037;	1738666837.000;	    err32
20250204;	120042;	1738666842.000;	    err32
20250204;	120047;	1738666847.000;	    err32
20250204;	120052;	1738666852.000;	    err32
20250204;	120057;	1738666857.000;	    err32
20250204;	120102;	1738666862.000;	    err32
20250204;	120107;	1738666867.000;	    err32
20250204;	120112;	1738666872.000;	    err32
20250204;	120117;	1738666877.000;	    err32
20250204;	120122;	1738666882.000;	    err32
20250204;	120127;	1738666887.000;	    err32
20250204;	120132;	1738666892.000;	    err32
20250204;	120137;	1738666897.000;	    err32
20250204;	120142;	1738666902.000;	    err32
20250204;	120147;	1738666907.000;	    err32
20250204;	120152;	1738666912.000;	    err32
20250204;	120157;	1738666917.000;	    err32
20250204;	120202;	1738666922.000;	    err32
20250204;	120207;	1738666927.000;	    err32
20250204;	120212;	1738666932.000;	    err32
20250204;	120217;	1738666937.000;	    err32
20250204;	120222;	1738666942.000;	    err32
20250204;	120227;	1738666947.000;	    err32
20250204;	120232;	1738666952.000;	    err32
20250204;	120237;	1738666957.000;	    err32
20250204;	120242;	1738666962.000;	    err32
20250204;	120247;	1738666967.000;	    err32
20250204;	120252;	1738666972.000;	    err32
20250204;	120257;	1738666977.000;	    err32
20250204;	120302;	1738666982.000;	    err32
20250204;	120307;	1738666987.000;	    err32
20250204;	120312;	1738666992.000;	    err32
20250204;	120317;	1738666997.000;	    err32
20250204;	120322;	1738667002.000;	    err32
20250204;	120327;	1738667007.000;	    err32
20250204;	120332;	1738667012.000;	    err32
20250204;	120337;	1738667017.000;	    err32
20250204;	120342;	1738667022.000;	    err32
20250204;	120347;	1738667027.000;	    err32
20250204;	120352;	1738667032.000;	    err32
20250204;	120357;	1738667037.000;	    err32
20250204;	120402;	1738667042.000;	    err32
20250204;	120407;	1738667047.000;	    err32
20250204;	120412;	1738667052.000;	    err32
20250204;	120417;	1738667057.000;	    err32
20250204;	120422;	1738667062.000;	    err32
20250204;	120427;	1738667067.000;	    err32
20250204;	120432;	1738667072.000;	    err32
20250204;	120437;	1738667077.000;	    err32
20250204;	120442;	1738667082.000;	    err32
20250204;	120447;	1738667087.000;	    err32
20250204;	120452;	1738667092.000;	    err32
20250204;	120457;	1738667097.000;	    err32
20250204;	120502;	1738667102.000;	    err32
20250204;	120507;	1738667107.000;	    err32
20250204;	120512;	1738667112.000;	    err32
20250204;	120517;	1738667117.000;	    err32
20250204;	120522;	1738667122.000;	    err32
20250204;	120527;	1738667127.000;	    err32
20250204;	120532;	1738667132.000;	    err32
20250204;	120537;	1738667137.000;	    err32
20250204;	120542;	1738667142.000;	    err32
20250204;	120547;	1738667147.000;	    err32
20250204;	120552;	1738667152.000;	    err32
20250204;	120557;	1738667157.000;	    err32
20250204;	120602;	1738667162.000;	    err32
20250204;	120607;	1738667167.000;	    err32
20250204;	120612;	1738667172.000;	    err32
20250204;	120617;	1738667177.000;	    err32
20250204;	120622;	1738667182.000;	    err32
20250204;	120627;	1738667187.000;	    err32
20250204;	120632;	1738667192.000;	    err32
20250204;	120637;	1738667197.000;	    err32
20250204;	120642;	1738667202.000;	    err32
20250204;	120647;	1738667207.000;	    err32
20250204;	120652;	1738667212.000;	    err32
20250204;	120657;	1738667217.000;	    err32
20250204;	120702;	1738667222.000;	    err32
20250204;	120707;	1738667227.000;	    err32
20250204;	120712;	1738667232.000;	    err32
20250204;	120717;	1738667237.000;	    err32
20250204;	120722;	1738667242.000;	    err32
20250204;	120727;	1738667247.000;	    err32
20250204;	120732;	1738667252.000;	    err32
20250204;	120737;	1738667257.000;	    err32
20250204;	120742;	1738667262.000;	    err32
20250204;	120747;	1738667267.000;	    err32
20250204;	120752;	1738667272.000;	    err32
20250204;	120757;	1738667277.000;	    err32
20250204;	120802;	1738667282.000;	    err32
20250204;	120807;	1738667287.000;	    err32
20250204;	120812;	1738667292.000;	    err32
20250204;	120817;	1738667297.000;	    err32
20250204;	120822;	1738667302.000;	    err32
20250204;	120827;	1738667307.000;	    err32
20250204;	120832;	1738667312.000;	    err32
20250204;	120837;	1738667317.000;	    err32
20250204;	120842;	1738667322.000;	    err32
20250204;	120847;	1738667327.000;	    err32
20250204;	120852;	1738667332.000;	    err32
20250204;	120857;	1738667337.000;	    err32
20250204;	120902;	1738667342.000;	    err32
20250204;	120907;	1738667347.000;	    err32
20250204;	120912;	1738667352.000;	    err32
20250204;	120917;	1738667357.000;	    err32
20250204;	120922;	1738667362.000;	    err32
20250204;	120927;	1738667367.000;	    err32
20250204;	120932;	1738667372.000;	    err32
20250204;	120937;	1738667377.000;	    err32
20250204;	120942;	1738667382.000;	    err32
20250204;	120947;	1738667387.000;	    err32
20250204;	120952;	1738667392.000;	    err32
20250204;	120957;	1738667397.000;	    err32
20250204;	121002;	1738667402.000;	    err32
20250204;	121007;	1738667407.000;	    err32
20250204;	121012;	1738667412.000;	    err32
20250204;	121017;	1738667417.000;	    err32
20250204;	121022;	1738667422.000;	    err32
20250204;	121027;	1738667427.000;	    err32
20250204;	121032;	1738667432.000;	    err32
20250204;	121037;	1738667437.000;	    err32
20250204;	121042;	1738667442.000;	    err32
20250204;	121047;	1738667447.000;	    err32
20250204;	121052;	1738667452.000;	    err32
20250204;	121057;	1738667457.000;	    err32
20250204;	121102;	1738667462.000;	    err32
20250204;	121107;	1738667467.000;	    err32
20250204;	121112;	1738667472.000;	    err32
20250204;	121117;	1738667477.000;	    err32
20250204;	121122;	1738667482.000;	    err32
20250204;	121127;	1738667487.000;	    err32
20250204;	121132;	1738667492.000;	    err32
20250204;	121137;	1738667497.000;	    err32
20250204;	121142;	1738667502.000;	    err32
20250204;	121147;	1738667507.000;	    err32
20250204;	121152;	1738667512.000;	    err32
20250204;	121157;	1738667517.000;	    err32
20250204;	121202;	1738667522.000;	    err32
20250204;	121207;	1738667527.000;	    err32
20250204;	121212;	1738667532.000;	    err32
20250204;	121217;	1738667537.000;	    err32
20250204;	121222;	1738667542.000;	    err32
20250204;	121227;	1738667547.000;	    err32
20250204;	121232;	1738667552.000;	    err32
20250204;	121237;	1738667557.000;	    err32
20250204;	121242;	1738667562.000;	    err32
20250204;	121247;	1738667567.000;	    err32
20250204;	121252;	1738667572.000;	    err32
20250204;	121257;	1738667577.000;	    err32
20250204;	121302;	1738667582.000;	    err32
20250204;	121307;	1738667587.000;	    err32
20250204;	121312;	1738667592.000;	    err32
20250204;	121317;	1738667597.000;	    err32
20250204;	121322;	1738667602.000;	    err32
20250204;	121327;	1738667607.000;	    err32
20250204;	121332;	1738667612.000;	    err32
20250204;	121337;	1738667617.000;	    err32
20250204;	121342;	1738667622.000;	    err32
20250204;	121347;	1738667627.000;	    err32
20250204;	121352;	1738667632.000;	    err32
20250204;	121357;	1738667637.000;	    err32
20250204;	121402;	1738667642.000;	    err32
20250204;	121407;	1738667647.000;	    err32
20250204;	121412;	1738667652.000;	    err32
20250204;	121417;	1738667657.000;	    err32
20250204;	121422;	1738667662.000;	    err32
20250204;	121427;	1738667667.000;	    err32
20250204;	121432;	1738667672.000;	    err32
20250204;	121437;	1738667677.000;	    err32
20250204;	121442;	1738667682.000;	    err32
20250204;	121447;	1738667687.000;	    err32
20250204;	121452;	1738667692.000;	    err32
20250204;	121457;	1738667697.000;	    err32
20250204;	121502;	1738667702.000;	    err32
20250204;	121507;	1738667707.000;	    err32
20250204;	121512;	1738667712.000;	    err32
20250204;	121517;	1738667717.000;	    err32
20250204;	121522;	1738667722.000;	    err32
20250204;	121527;	1738667727.000;	    err32
20250204;	121532;	1738667732.000;	    err32
20250204;	121537;	1738667737.000;	    err32
20250204;	121542;	1738667742.000;	    err32
20250204;	121547;	1738667747.000;	    err32
20250204;	121552;	1738667752.000;	    err32
20250204;	121557;	1738667757.000;	    err32
20250204;	121602;	1738667762.000;	    err32
20250204;	121607;	1738667767.000;	    err32
20250204;	121612;	1738667772.000;	    err32
20250204;	121617;	1738667777.000;	    err32
20250204;	121622;	1738667782.000;	    err32
20250204;	121627;	1738667787.000;	    err32
20250204;	121632;	1738667792.000;	    err32
20250204;	121637;	1738667797.000;	    err32
20250204;	121642;	1738667802.000;	    err32
20250204;	121647;	1738667807.000;	    err32
20250204;	121652;	1738667812.000;	    err32
20250204;	121657;	1738667817.000;	    err32
20250204;	121702;	1738667822.000;	    err32
20250204;	121707;	1738667827.000;	    err32
20250204;	121712;	1738667832.000;	    err32
20250204;	121717;	1738667837.000;	    err32
20250204;	121722;	1738667842.000;	    err32
20250204;	121727;	1738667847.000;	    err32
20250204;	121732;	1738667852.000;	    err32
20250204;	121737;	1738667857.000;	    err32
20250204;	121742;	1738667862.000;	    err32
20250204;	121747;	1738667867.000;	    err32
20250204;	121752;	1738667872.000;	    err32
20250204;	121757;	1738667877.000;	    err32
20250204;	121802;	1738667882.000;	    err32
20250204;	121807;	1738667887.000;	    err32
20250204;	121812;	1738667892.000;	    err32
20250204;	121817;	1738667897.000;	    err32
20250204;	121822;	1738667902.000;	    err32
20250204;	121827;	1738667907.000;	    err32
20250204;	121832;	1738667912.000;	    err32
20250204;	121837;	1738667917.000;	    err32
20250204;	121842;	1738667922.000;	    err32
20250204;	121847;	1738667927.000;	    err32
20250204;	121852;	1738667932.000;	    err32
20250204;	121857;	1738667937.000;	    err32
20250204;	121902;	1738667942.000;	    err32
20250204;	121907;	1738667947.000;	    err32
20250204;	121912;	1738667952.000;	    err32
20250204;	121917;	1738667957.000;	    err32
20250204;	121922;	1738667962.000;	    err32
20250204;	121927;	1738667967.000;	    err32
20250204;	121932;	1738667972.000;	    err32
20250204;	121937;	1738667977.000;	    err32
20250204;	121942;	1738667982.000;	    err32
20250204;	121947;	1738667987.000;	    err32
20250204;	121952;	1738667992.000;	    err32
20250204;	121957;	1738667997.000;	    err32
20250204;	122002;	1738668002.000;	    err32
20250204;	122007;	1738668007.000;	    err32
20250204;	122012;	1738668012.000;	    err32
20250204;	122017;	1738668017.000;	    err32
20250204;	122022;	1738668022.000;	    err32
20250204;	122027;	1738668027.000;	    err32
20250204;	122032;	1738668032.000;	    err32
20250204;	122037;	1738668037.000;	    err32
20250204;	122042;	1738668042.000;	    err32
20250204;	122047;	1738668047.000;	    err32
20250204;	122052;	1738668052.000;	    err32
20250204;	122057;	1738668057.000;	    err32
20250204;	122102;	1738668062.000;	    err32
20250204;	122107;	1738668067.000;	    err32
20250204;	122112;	1738668072.000;	    err32
20250204;	122117;	1738668077.000;	    err32
20250204;	122122;	1738668082.000;	    err32
20250204;	122127;	1738668087.000;	    err32
20250204;	122132;	1738668092.000;	    err32
20250204;	122137;	1738668097.000;	    err32
20250204;	122142;	1738668102.000;	    err32
20250204;	122147;	1738668107.000;	    err32
20250204;	122152;	1738668112.000;	    err32
20250204;	122157;	1738668117.000;	    err32
20250204;	122202;	1738668122.000;	    err32
20250204;	122207;	1738668127.000;	    err32
20250204;	122212;	1738668132.000;	    err32
20250204;	122217;	1738668137.000;	    err32
20250204;	122222;	1738668142.000;	    err32
20250204;	122227;	1738668147.000;	    err32
20250204;	122232;	1738668152.000;	    err32
20250204;	122237;	1738668157.000;	    err32
20250204;	122242;	1738668162.000;	    err32
20250204;	122247;	1738668167.000;	    err32
20250204;	122252;	1738668172.000;	    err32
20250204;	122257;	1738668177.000;	    err32
20250204;	122302;	1738668182.000;	    err32
20250204;	122307;	1738668187.000;	    err32
20250204;	122312;	1738668192.000;	    err32
20250204;	122317;	1738668197.000;	    err32
20250204;	122322;	1738668202.000;	    err32
20250204;	122327;	1738668207.000;	    err32
20250204;	122332;	1738668212.000;	    err32
20250204;	122337;	1738668217.000;	    err32
20250204;	122342;	1738668222.000;	    err32
20250204;	122347;	1738668227.000;	    err32
20250204;	122352;	1738668232.000;	    err32
20250204;	122357;	1738668237.000;	    err32
20250204;	122402;	1738668242.000;	    err32
20250204;	122407;	1738668247.000;	    err32
20250204;	122412;	1738668252.000;	    err32
20250204;	122417;	1738668257.000;	    err32
20250204;	122422;	1738668262.000;	    err32
20250204;	122427;	1738668267.000;	    err32
20250204;	122432;	1738668272.000;	    err32
20250204;	122437;	1738668277.000;	    err32
20250204;	122442;	1738668282.000;	    err32
20250204;	122447;	1738668287.000;	    err32
20250204;	122452;	1738668292.000;	    err32
20250204;	122457;	1738668297.000;	    err32
20250204;	122502;	1738668302.000;	    err32
20250204;	122507;	1738668307.000;	    err32
20250204;	122512;	1738668312.000;	    err32
20250204;	122517;	1738668317.000;	    err32
20250204;	122522;	1738668322.000;	    err32
20250204;	122527;	1738668327.000;	    err32
20250204;	122532;	1738668332.000;	    err32
20250204;	122537;	1738668337.000;	    err32
20250204;	122542;	1738668342.000;	    err32
20250204;	122547;	1738668347.000;	    err32
20250204;	122552;	1738668352.000;	    err32
20250204;	122557;	1738668357.000;	    err32
20250204;	122602;	1738668362.000;	    err32
20250204;	122607;	1738668367.000;	    err32
20250204;	122612;	1738668372.000;	    err32
20250204;	122617;	1738668377.000;	    err32
20250204;	122622;	1738668382.000;	    err32
20250204;	122627;	1738668387.000;	    err32
20250204;	122632;	1738668392.000;	    err32
20250204;	122637;	1738668397.000;	    err32
20250204;	122642;	1738668402.000;	    err32
20250204;	122647;	1738668407.000;	    err32
20250204;	122652;	1738668412.000;	    err32
20250204;	122657;	1738668417.000;	    err32
20250204;	122702;	1738668422.000;	    err32
20250204;	122707;	1738668427.000;	    err32
20250204;	122712;	1738668432.000;	    err32
20250204;	122717;	1738668437.000;	    err32
20250204;	122722;	1738668442.000;	    err32
20250204;	122727;	1738668447.000;	    err32
20250204;	122732;	1738668452.000;	    err32
20250204;	122737;	1738668457.000;	    err32
20250204;	122742;	1738668462.000;	    err32
20250204;	122747;	1738668467.000;	    err32
20250204;	122752;	1738668472.000;	    err32
20250204;	122757;	1738668477.000;	    err32
20250204;	122802;	1738668482.000;	    err32
20250204;	122807;	1738668487.000;	    err32
20250204;	122812;	1738668492.000;	    err32
20250204;	122817;	1738668497.000;	    err32
20250204;	122822;	1738668502.000;	    err32
20250204;	122827;	1738668507.000;	    err32
20250204;	122832;	1738668512.000;	    err32
20250204;	122837;	1738668517.000;	    err32
20250204;	122842;	1738668522.000;	    err32
20250204;	122847;	1738668527.000;	    err32
20250204;	122852;	1738668532.000;	    err32
20250204;	122857;	1738668537.000;	    err32
20250204;	122902;	1738668542.000;	    err32
20250204;	122907;	1738668547.000;	    err32
20250204;	122912;	1738668552.000;	    err32
20250204;	122917;	1738668557.000;	    err32
20250204;	122922;	1738668562.000;	    err32
20250204;	122927;	1738668567.000;	    err32
20250204;	122932;	1738668572.000;	    err32
20250204;	122937;	1738668577.000;	    err32
20250204;	122942;	1738668582.000;	    err32
20250204;	122947;	1738668587.000;	    err32
20250204;	122952;	1738668592.000;	    err32
20250204;	122957;	1738668597.000;	    err32
20250204;	123002;	1738668602.000;	    err32
20250204;	123007;	1738668607.000;	    err32
20250204;	123012;	1738668612.000;	    err32
20250204;	123017;	1738668617.000;	    err32
20250204;	123022;	1738668622.000;	    err32
20250204;	123027;	1738668627.000;	    err32
20250204;	123032;	1738668632.000;	    err32
20250204;	123037;	1738668637.000;	    err32
20250204;	123042;	1738668642.000;	    err32
20250204;	123047;	1738668647.000;	    err32
20250204;	123052;	1738668652.000;	    err32
20250204;	123057;	1738668657.000;	    err32
20250204;	123102;	1738668662.000;	    err32
20250204;	123107;	1738668667.000;	    err32
20250204;	123112;	1738668672.000;	    err32
20250204;	123117;	1738668677.000;	    err32
20250204;	123122;	1738668682.000;	    err32
20250204;	123127;	1738668687.000;	    err32
20250204;	123132;	1738668692.000;	    err32
20250204;	123137;	1738668697.000;	    err32
20250204;	123142;	1738668702.000;	    err32
20250204;	123147;	1738668707.000;	    err32
20250204;	123152;	1738668712.000;	    err32
20250204;	123157;	1738668717.000;	    err32
20250204;	123202;	1738668722.000;	    err32
20250204;	123207;	1738668727.000;	    err32
20250204;	123212;	1738668732.000;	    err32
20250204;	123217;	1738668737.000;	    err32
20250204;	123222;	1738668742.000;	    err32
20250204;	123227;	1738668747.000;	    err32
20250204;	123232;	1738668752.000;	    err32
20250204;	123237;	1738668757.000;	    err32
20250204;	123242;	1738668762.000;	    err32
20250204;	123247;	1738668767.000;	    err32
20250204;	123252;	1738668772.000;	    err32
20250204;	123257;	1738668777.000;	    err32
20250204;	123302;	1738668782.000;	    err32
20250204;	123307;	1738668787.000;	    err32
20250204;	123312;	1738668792.000;	    err32
20250204;	123317;	1738668797.000;	    err32
20250204;	123322;	1738668802.000;	    err32
20250204;	123327;	1738668807.000;	    err32
20250204;	123332;	1738668812.000;	    err32
20250204;	123337;	1738668817.000;	    err32
20250204;	123342;	1738668822.000;	    err32
20250204;	123347;	1738668827.000;	    err32
20250204;	123352;	1738668832.000;	    err32
20250204;	123357;	1738668837.000;	    err32
20250204;	123402;	1738668842.000;	    err32
20250204;	123407;	1738668847.000;	    err32
20250204;	123412;	1738668852.000;	    err32
20250204;	123417;	1738668857.000;	    err32
20250204;	123422;	1738668862.000;	    err32
20250204;	123427;	1738668867.000;	    err32
20250204;	123432;	1738668872.000;	    err32
20250204;	123437;	1738668877.000;	    err32
20250204;	123442;	1738668882.000;	    err32
20250204;	123447;	1738668887.000;	    err32
20250204;	123452;	1738668892.000;	    err32
20250204;	123457;	1738668897.000;	    err32
20250204;	123502;	1738668902.000;	    err32
20250204;	123507;	1738668907.000;	    err32
20250204;	123512;	1738668912.000;	    err32
20250204;	123517;	1738668917.000;	    err32
20250204;	123522;	1738668922.000;	    err32
20250204;	123527;	1738668927.000;	    err32
20250204;	123532;	1738668932.000;	    err32
20250204;	123537;	1738668937.000;	    err32
20250204;	123542;	1738668942.000;	    err32
20250204;	123547;	1738668947.000;	    err32
20250204;	123552;	1738668952.000;	    err32
20250204;	123557;	1738668957.000;	    err32
20250204;	123602;	1738668962.000;	    err32
20250204;	123607;	1738668967.000;	    err32
20250204;	123612;	1738668972.000;	    err32
20250204;	123617;	1738668977.000;	    err32
20250204;	123622;	1738668982.000;	    err32
20250204;	123627;	1738668987.000;	    err32
20250204;	123632;	1738668992.000;	    err32
20250204;	123637;	1738668997.000;	    err32
20250204;	123642;	1738669002.000;	    err32
20250204;	123647;	1738669007.000;	    err32
20250204;	123652;	1738669012.000;	    err32
20250204;	123657;	1738669017.000;	    err32
20250204;	123702;	1738669022.000;	    err32
20250204;	123707;	1738669027.000;	    err32
20250204;	123712;	1738669032.000;	    err32
20250204;	123717;	1738669037.000;	    err32
20250204;	123722;	1738669042.000;	    err32
20250204;	123727;	1738669047.000;	    err32
20250204;	123732;	1738669052.000;	    err32
20250204;	123737;	1738669057.000;	    err32
20250204;	123742;	1738669062.000;	    err32
20250204;	123747;	1738669067.000;	    err32
20250204;	123752;	1738669072.000;	    err32
20250204;	123757;	1738669077.000;	    err32
20250204;	123802;	1738669082.000;	    err32
20250204;	123807;	1738669087.000;	    err32
20250204;	123812;	1738669092.000;	    err32
20250204;	123817;	1738669097.000;	    err32
20250204;	123822;	1738669102.000;	    err32
20250204;	123827;	1738669107.000;	    err32
20250204;	123832;	1738669112.000;	    err32
20250204;	123837;	1738669117.000;	    err32
20250204;	123842;	1738669122.000;	    err32
20250204;	123847;	1738669127.000;	    err32
20250204;	123852;	1738669132.000;	    err32
20250204;	123857;	1738669137.000;	    err32
20250204;	123902;	1738669142.000;	    err32
20250204;	123907;	1738669147.000;	    err32
20250204;	123912;	1738669152.000;	    err32
20250204;	123917;	1738669157.000;	    err32
20250204;	123922;	1738669162.000;	    err32
20250204;	123927;	1738669167.000;	    err32
20250204;	123932;	1738669172.000;	    err32
20250204;	123937;	1738669177.000;	    err32
20250204;	123942;	1738669182.000;	    err32
20250204;	123947;	1738669187.000;	    err32
20250204;	123952;	1738669192.000;	    err32
20250204;	123957;	1738669197.000;	    err32
20250204;	124002;	1738669202.000;	    err32
20250204;	124007;	1738669207.000;	    err32
20250204;	124012;	1738669212.000;	    err32
20250204;	124017;	1738669217.000;	    err32
20250204;	124022;	1738669222.000;	    err32
20250204;	124027;	1738669227.000;	    err32
20250204;	124032;	1738669232.000;	    err32
20250204;	124037;	1738669237.000;	    err32
20250204;	124042;	1738669242.000;	    err32
20250204;	124047;	1738669247.000;	    err32
20250204;	124052;	1738669252.000;	    err32
20250204;	124057;	1738669257.000;	    err32
20250204;	124102;	1738669262.000;	    err32
20250204;	124107;	1738669267.000;	    err32
20250204;	124112;	1738669272.000;	    err32
20250204;	124117;	1738669277.000;	    err32
20250204;	124122;	1738669282.000;	    err32
20250204;	124127;	1738669287.000;	    err32
20250204;	124132;	1738669292.000;	    err32
20250204;	124137;	1738669297.000;	    err32
20250204;	124142;	1738669302.000;	    err32
20250204;	124147;	1738669307.000;	    err32
20250204;	124152;	1738669312.000;	    err32
20250204;	124157;	1738669317.000;	    err32
20250204;	124202;	1738669322.000;	    err32
20250204;	124207;	1738669327.000;	    err32
20250204;	124212;	1738669332.000;	    err32
20250204;	124217;	1738669337.000;	    err32
20250204;	124222;	1738669342.000;	    err32
20250204;	124227;	1738669347.000;	    err32
20250204;	124232;	1738669352.000;	    err32
20250204;	124237;	1738669357.000;	    err32
20250204;	124242;	1738669362.000;	    err32
20250204;	124247;	1738669367.000;	    err32
20250204;	124252;	1738669372.000;	    err32
20250204;	124257;	1738669377.000;	    err32
20250204;	124302;	1738669382.000;	    err32
20250204;	124307;	1738669387.000;	    err32
20250204;	124312;	1738669392.000;	    err32
20250204;	124317;	1738669397.000;	    err32
20250204;	124322;	1738669402.000;	    err32
20250204;	124327;	1738669407.000;	    err32
20250204;	124332;	1738669412.000;	    err32
20250204;	124337;	1738669417.000;	    err32
20250204;	124342;	1738669422.000;	    err32
20250204;	124347;	1738669427.000;	    err32
20250204;	124352;	1738669432.000;	    err32
20250204;	124357;	1738669437.000;	    err32
20250204;	124402;	1738669442.000;	    err32
20250204;	124407;	1738669447.000;	    err32
20250204;	124412;	1738669452.000;	    err32
20250204;	124417;	1738669457.000;	    err32
20250204;	124422;	1738669462.000;	    err32
20250204;	124427;	1738669467.000;	    err32
20250204;	124432;	1738669472.000;	    err32
20250204;	124437;	1738669477.000;	    err32
20250204;	124442;	1738669482.000;	    err32
20250204;	124447;	1738669487.000;	    err32
20250204;	124452;	1738669492.000;	    err32
20250204;	124457;	1738669497.000;	    err32
20250204;	124502;	1738669502.000;	    err32
20250204;	124507;	1738669507.000;	    err32
20250204;	124512;	1738669512.000;	    err32
20250204;	124517;	1738669517.000;	    err32
20250204;	124522;	1738669522.000;	    err32
20250204;	124527;	1738669527.000;	    err32
20250204;	124532;	1738669532.000;	    err32
20250204;	124537;	1738669537.000;	    err32
20250204;	124542;	1738669542.000;	    err32
20250204;	124547;	1738669547.000;	    err32
20250204;	124552;	1738669552.000;	    err32
20250204;	124557;	1738669557.000;	    err32
20250204;	124602;	1738669562.000;	    err32
20250204;	124607;	1738669567.000;	    err32
20250204;	124612;	1738669572.000;	    err32
20250204;	124617;	1738669577.000;	    err32
20250204;	124622;	1738669582.000;	    err32
20250204;	124627;	1738669587.000;	    err32
20250204;	124632;	1738669592.000;	    err32
20250204;	124637;	1738669597.000;	    err32
20250204;	124642;	1738669602.000;	    err32
20250204;	124647;	1738669607.000;	    err32
20250204;	124652;	1738669612.000;	    err32
20250204;	124657;	1738669617.000;	    err32
20250204;	124702;	1738669622.000;	    err32
20250204;	124707;	1738669627.000;	    err32
20250204;	124712;	1738669632.000;	    err32
20250204;	124717;	1738669637.000;	    err32
20250204;	124722;	1738669642.000;	    err32
20250204;	124727;	1738669647.000;	    err32
20250204;	124732;	1738669652.000;	    err32
20250204;	124737;	1738669657.000;	   +0.247
